303.39
0.72966
0.2834
0.14821
0.13776
0.13822
0.82969
0.13712
0.1377
0.13977
0.13636
0.14409
0.35761
0.13509
0.1381
0.13613
0.13743
0.13648
0.35179
0.13604
0.13644
0.13452
0.13763
0.13596
0.34555
0.13555
0.13638
0.13553
0.13695
0.13475
0.35042
0.13522
0.13454
0.13586
0.13928
0.13555
0.34931
0.1355
0.13509
0.13644
0.13595
0.13755
0.35139
0.13445
0.13507
0.13516
0.13617
0.13659
0.35032
0.13686
0.31502
0.13883
0.13154
0.138
0.35814
0.13992
0.13907
0.14019
0.13955
0.13914
0.35558
0.1382
0.14104
0.14647
0.13803
0.1392
0.35552
0.13835
0.14047
0.13875
0.13931
0.13944
0.35549
0.14105
0.14019
0.13857
0.14014
0.14066
0.35526
0.1423
0.13365
0.13867
0.14002
0.14154
0.35244
0.1424
0.13953
0.13859
0.13917
0.13954
0.36107
0.13982
0.13917
0.13931
0.14088
0.13881
0.35979
0.13884
0.13853
0.13851
0.13971
0.13855
0.35748
0.13972
0.13859
0.14035
0.1393
0.13843
0.35803
0.13169
0.13907
0.13925
0.13763
0.13912
0.35778
0.13728
0.13828
0.13884
0.13786
0.14008
0.35608
0.14119
0.14122
0.13826
0.13968
0.13999
0.35512
0.14055
0.14016
0.13732
0.13695
0.13506
0.34378
0.13604
0.13315
0.13484
0.13304
0.13417
0.34492
0.12802
0.13498
0.13497
0.13449
0.1364
0.34514
0.13564
0.13622
0.13305
0.13463
0.1349
0.34291
0.13629
0.13386
0.1341
0.13513
0.13424
0.34615
0.13504
0.13721
0.1359
0.13909
0.13625
0.34799
0.13581
0.13844
0.13685
0.13669
0.13845
0.35081
0.13073
0.13809
0.13698
0.13876
0.13843
0.34558
0.13726
0.13646
0.71725
0.58618
0.5873
0.34704
0.13551
0.13785
0.13935
0.13698
0.13704
0.34911
0.13592
0.13921
0.13931
0.13121
0.13889
0.34707
0.13847
0.13811
0.13723
0.13877
0.1365
0.34457
0.13927
0.13654
0.1367
0.13753
0.1366
0.34653
0.13739
0.13751
0.13605
0.13557
0.13756
0.35134
0.13673
0.13926
0.13813
0.1367
0.13678
0.34937
0.13586
0.13911
0.13137
0.1367
0.13823
0.34392
0.14073
0.13884
0.13642
0.13887
0.1398
0.34425
0.13954
0.13612
0.1372
0.13744
0.13699
0.3485
0.14022
0.13643
0.13758
0.13706
0.13753
0.35014
0.13698
0.13797
0.1371
0.13725
0.13828
0.34516
0.1362
0.12959
0.13599
0.1377
0.13647
0.34713
0.13591
0.13467
0.13795
0.13857
0.13678
0.35154
0.13697
0.13653
0.13794
0.13668
0.13733
0.34945
0.13588
0.13662
0.13806
0.13722
0.13944
0.34733
0.13764
0.13834
0.13834
0.1379
0.13904
0.34557
0.13235
0.13813
0.13714
0.13728
0.13612
0.34756
0.13719
0.13854
0.13954
0.13864
0.13723
0.34889
0.13789
0.13921
0.13825
0.1368
0.13794
0.34696
0.13729
0.13874
0.13573
0.13779
0.13949
0.34385
0.13838
0.13647
0.13774
0.13747
0.13743
0.34758
0.13118
0.13712
0.13637
0.138
0.13725
0.3451
0.13903
0.13682
0.13889
0.13753
0.13941
0.34473
0.13678
0.13775
0.13675
0.13733
0.13896
0.3456
0.13717
0.13673
0.13691
0.13922
0.13763
0.34687
0.13919
0.13709
0.13856
0.13884
0.13869
0.34726
0.1332
0.13775
0.13921
0.13697
0.13817
0.34721
0.13627
0.13746
0.13887
0.13735
0.13912
0.34454
0.13749
0.1377
0.1397
0.13704
0.13759
0.34725
0.13982
0.13933
0.13944
0.13841
0.13975
0.3517
0.13791
0.14001
0.13727
0.13943
0.1368
0.34675
0.13029
0.13614
0.1387
0.13905
0.1355
0.34451
0.13698
0.13778
0.13763
0.13708
0.13845
0.34662
0.13805
0.13755
0.13754
0.13622
0.13782
0.34466
0.13617
0.13805
0.13604
0.1364
0.13745
0.3447
0.13931
0.13709
0.13698
0.139
0.13626
0.34321
0.1372
0.13678
0.13814
0.13807
0.13851
0.34829
0.13731
0.1383
0.13894
0.13859
0.13877
0.34847
0.13569
0.1387
0.13769
0.1376
0.13776
0.34562
0.13768
0.13828
0.1375
0.13848
0.13837
0.34619
0.13759
0.13795
0.13931
0.13738
0.13778
0.34496
0.13641
0.13703
0.14012
0.13679
0.13714
0.34681
0.13627
0.13779
0.13981
0.1364
0.1381
0.34753
0.13676
0.13705
0.1367
0.13684
0.13774
0.34239
0.13659
0.13828
0.13088
0.13671
0.13619
0.34714
0.13741
0.13665
0.13865
0.14045
0.1419
0.34516
0.13717
0.13866
0.13524
0.1387
0.13726
0.34423
0.13863
0.137
0.13731
0.13737
0.13844
0.34294
0.13953
0.13476
0.13693
0.13507
0.13627
0.34317
0.13442
0.13086
0.13534
0.13261
0.13492
0.34383
0.13719
0.13591
0.13462
0.1379
0.13619
0.34573
0.13733
0.13684
0.13535
0.58466
0.58808
0.34367
0.13785
0.13724
0.13756
0.13722
0.13558
0.34579
0.13759
0.13208
0.13853
0.13747
0.1371
0.34836
0.13586
0.13759
0.1371
0.1384
0.13765
0.34592
0.13648
0.13699
0.13574
0.13922
0.13801
0.34368
0.13752
0.13738
0.13753
0.13818
0.13708
0.34681
0.13762
0.13726
0.13862
0.13711
0.13525
0.34609
0.13608
0.13803
0.1381
0.13609
0.13854
0.34487
0.13903
0.13842
0.13856
0.13835
0.13783
0.34252
0.13679
0.13593
0.1368
0.13585
0.13563
0.34713
0.13727
0.13778
0.13855
0.13664
0.13655
0.3482
0.13709
0.13961
0.13862
0.13535
0.13784
0.3454
0.13132
0.13851
0.13645
0.13799
0.13912
0.34278
0.13997
0.13792
0.13807
0.13815
0.1374
0.34865
0.13847
0.13792
0.13879
0.13758
0.13817
0.34712
0.13831
0.13709
0.13831
0.13766
0.13721
0.34559
0.13694
0.13683
0.13823
0.13858
0.13742
0.34444
0.12973
0.13806
0.13691
0.13815
0.13558
0.34596
0.13705
0.13641
0.13687
0.13801
0.13648
0.34962
0.13836
0.13617
0.13918
0.13764
0.1349
0.34581
0.13841
0.13604
0.13847
0.13529
0.13813
0.34429
0.13564
0.13834
0.1372
0.1369
0.13788
0.34465
0.1309
0.13703
0.13838
0.13838
0.13782
0.3466
0.13788
0.13792
0.1376
0.1374
0.13514
0.34754
0.13755
0.13566
0.13722
0.13772
0.13772
0.34512
0.13613
0.1404
0.1386
0.13738
0.13826
0.34925
0.13713
0.13846
0.13692
0.13691
0.13877
0.34574
0.13186
0.1363
0.13766
0.13707
0.13796
0.35481
0.13895
0.13665
0.13751
0.13713
0.13734
0.35551
0.13831
0.13716
0.13706
0.13637
0.14032
0.3551
0.13678
0.13832
0.14082
0.14013
0.14045
0.35802
0.13759
0.14055
0.13834
0.13853
0.1397
0.35401
0.13317
0.13877
0.13868
0.1413
0.14034
0.35442
0.13976
0.13905
0.13909
0.13937
0.6007
0.82077
0.61028
0.14032
0.14029
0.13933
0.14063
0.35918
0.13913
0.14039
0.14092
0.13986
0.14057
0.35711
0.14427
0.14033
0.13962
0.14072
0.14213
0.35746
0.13913
0.14109
0.13908
0.13985
0.14057
0.3573
0.14068
0.14001
0.13727
0.13917
0.13975
0.35491
0.14041
0.1395
0.13886
0.14109
0.13893
0.35722
0.13947
0.13831
0.13307
0.14037
0.13862
0.35644
0.13831
0.13938
0.14003
0.13777
0.13992
0.35476
0.13849
0.13855
0.14033
0.13771
0.14088
0.35718
0.13889
0.14003
0.13883
0.13974
0.14066
0.35552
0.13925
0.14084
0.14027
0.14022
0.14105
0.35602
0.13348
0.14228
0.139
0.13885
0.14055
0.35674
0.14005
0.14026
0.14004
0.14108
0.14224
0.35478
0.14075
0.60517
0.13935
0.14076
0.14156
0.35514
0.14261
0.13985
0.13925
0.14094
0.13953
0.34675
0.13841
0.13658
0.13811
0.13237
0.13726
0.34984
0.13618
0.13738
0.13865
0.13844
0.13809
0.35021
0.13559
0.13736
0.13658
0.13656
0.1377
0.34784
0.13826
0.13701
0.13709
0.13814
0.13844
0.34509
0.13777
0.13661
0.13841
0.13655
0.13597
0.34983
0.13581
0.13489
0.13248
0.13627
0.13672
0.34665
0.13471
0.13645
0.13736
0.13467
0.13714
0.34608
0.13542
0.13617
0.135
0.13642
0.13631
0.34388
0.13627
0.13712
0.13463
0.13637
0.13431
0.34622
0.13508
0.13459
0.13696
0.13514
0.13525
0.35325
0.13377
0.13083
0.13596
0.13385
0.136
0.34508
0.1381
0.13702
0.13727
0.13854
0.138
0.34692
0.13817
0.13613
0.13802
0.13779
0.13853
0.34985
0.13896
0.13783
0.1368
0.13643
0.13774
0.34726
0.13922
0.1376
0.13682
0.13819
0.13704
0.34501
0.13215
0.13843
0.13626
0.13911
0.13633
0.34549
0.13689
0.13755
0.13618
0.13553
0.13394
0.35466
0.14324
0.15193
0.14506
0.1354
0.13574
0.35691
0.15294
0.13419
0.13886
0.13513
0.14212
0.34615
0.13576
0.13614
0.13594
0.13582
0.14007
0.34496
0.12941
0.13841
0.13601
0.13656
0.13684
0.34631
0.13787
0.13758
0.1361
0.13665
0.13782
0.34726
0.13634
0.13628
0.13636
0.1347
0.14103
0.34578
0.13562
0.1384
0.13625
0.13621
0.14011
0.34217
0.13368
0.13603
0.13422
0.13495
0.13707
0.34411
0.13184
0.135
0.13758
0.13695
0.13762
0.34714
0.13802
0.13603
0.1361
0.13913
0.1375
0.34418
0.13675
0.13611
0.13715
0.14072
0.13603
0.34118
0.13521
0.13658
0.13549
0.14149
0.13535
0.34441
0.13415
0.13455
0.13573
0.1368
0.13367
0.34431
0.12738
0.13722
0.13637
0.14034
0.13942
0.34897
0.13717
0.13888
0.13664
0.14111
0.13623
0.34212
0.13642
0.13604
0.13692
0.13923
0.13757
0.34658
0.13893
0.1361
0.13787
0.13869
0.13793
0.34834
0.1362
0.13798
0.13965
0.13859
0.13822
0.34718
0.1295
0.13984
0.14299
0.13678
0.13798
0.34673
0.13674
0.13766
0.13701
0.13812
0.13896
0.34793
0.13791
0.13774
0.13837
0.13657
0.13701
0.34451
0.13587
0.13526
0.13955
0.13647
0.13473
0.34245
0.13567
0.13548
0.13617
0.13393
0.13768
0.34081
0.12939
0.13892
0.13827
0.13806
0.14085
0.34497
0.13882
0.13837
0.13731
0.13777
0.13858
0.34492
0.1381
0.13758
0.13784
0.13978
0.13694
0.34651
0.13906
0.13838
0.13912
0.13841
0.13764
0.34803
0.13511
0.13728
0.13745
0.13674
0.13841
0.34682
0.13113
0.13981
0.13845
0.13725
0.13698
0.34373
0.1396
0.1391
0.13718
0.13766
0.13662
0.34522
0.13766
0.13619
0.139
0.13802
0.13713
0.34211
0.13591
0.13888
0.13816
0.1359
0.13724
0.3473
0.13606
0.1393
0.13851
0.13761
0.13769
