330.74
0.86109
0.39291
0.25855
0.2565
0.25374
0.93833
0.25585
0.25558
0.25023
0.25012
0.2494
0.46926
0.2516
0.25102
0.24879
0.25
0.24964
0.49537
0.25448
0.26097
0.25379
0.24739
0.24857
0.78568
0.24725
0.25126
0.24911
0.24834
0.47009
0.68534
0.24615
0.25201
0.24983
0.24727
0.24752
0.4606
0.23971
0.24552
0.25142
0.24447
0.24699
0.70269
0.24643
0.24616
0.52316
0.47043
0.51185
0.7036
0.25447
0.4308
0.25087
0.25729
0.25475
0.4647
0.24979
0.24755
0.25009
0.24703
0.25107
0.46757
0.24844
0.25501
0.25566
0.24907
0.25595
0.46457
0.24998
0.24642
0.24703
0.25762
0.25086
0.47258
0.24921
0.25472
0.25504
0.254
0.25713
0.47205
0.25555
0.25652
0.24941
0.24813
0.25499
0.46589
0.25052
0.25133
0.25127
0.24926
0.73413
0.94566
0.24861
0.24718
0.24896
0.24935
0.25523
0.95511
0.25635
0.24222
0.24996
0.2505
0.8204
0.99881
0.25278
0.24907
0.24994
0.24912
0.24964
0.4614
0.24731
0.2483
0.24731
0.24126
0.24842
0.46297
0.24815
0.25094
0.25
0.24912
0.24985
0.46173
0.24861
0.24555
0.24642
0.24836
0.2507
0.45568
0.25124
0.25233
0.2431
0.24151
0.24844
0.4671
0.24374
0.24884
0.25039
0.24799
0.24839
0.46523
0.24945
0.25083
0.24893
0.24987
0.24834
0.46098
0.24894
0.25212
0.24933
0.2408
0.24677
0.45887
0.24779
0.24644
0.25252
0.24861
0.25142
0.46372
0.24676
0.24841
0.24192
0.24971
0.24382
0.46632
0.2535
0.25079
0.24369
0.24914
0.25078
0.46693
0.24322
0.24365
0.25341
0.24925
0.25046
0.46114
0.25308
0.25173
0.24984
0.25167
0.24419
0.45831
0.25366
0.24649
0.24395
0.24097
0.25555
0.46631
0.25242
0.249
0.25391
0.24534
0.24583
0.47331
0.25431
0.25243
0.25018
0.26392
0.26001
0.46911
0.26293
0.25896
0.25111
0.24618
0.26304
0.46518
0.2564
0.2581
0.25527
0.25692
0.25839
