338.58
0.92346
0.45173
0.31687
0.30694
0.31145
0.99275
0.31279
0.31306
0.31325
0.31053
0.31156
0.53465
0.31128
0.31349
0.30357
0.31216
0.31117
0.52708
0.31221
0.31039
0.31194
0.31021
0.31282
0.52028
0.30434
0.31348
0.31097
0.31017
0.3119
0.52666
0.31079
0.31259
0.3101
0.30475
0.31002
0.52046
0.30278
0.30419
0.30936
0.3069
0.30331
0.52368
0.30939
0.31322
0.31202
0.30421
0.29723
0.52951
0.30851
0.48704
0.31354
0.31316
0.31233
0.52686
0.3131
0.3161
0.31338
0.31467
0.31157
0.52612
0.3048
0.31129
0.31206
0.31425
0.31436
0.52883
0.31017
0.30957
0.31314
0.30836
2.7652
2.7962
0.77351
0.62309
0.60906
0.62593
3.2526
3.2014
3.0836
2.7005
2.9
2.6291
2.7949
2.7279
2.9136
2.8667
2.9273
2.7221
3.0574
3.1566
3.1318
2.981
3.0454
3.26
2.8107
2.7327
2.6078
2.6153
2.6485
3.3105
0.67552
0.62343
0.62818
2.7462
2.8025
2.2924
2.2944
2.2867
2.4593
2.3353
2.2852
2.2917
2.2867
2.2949
2.2953
2.2867
2.3058
2.2981
2.2796
2.275
2.283
2.2895
2.2837
2.2871
2.2946
2.2971
NaN
NaN
NaN
NaN
337.73
0.84467
0.38805
0.33525
0.30924
0.30105
1.0337
0.30853
0.30633
0.30262
0.30591
0.30176
0.52265
0.3062
0.30405
0.30569
0.29752
0.30578
0.51849
0.30534
0.30461
0.30265
0.3049
0.30385
0.51656
0.3038
0.30089
0.30017
0.30422
0.29938
0.51021
0.30378
0.30222
0.30671
0.29763
0.30633
0.51705
0.29629
0.30656
0.29526
0.29703
0.29599
0.50934
0.29561
0.30383
0.29389
0.29741
0.29499
0.50793
0.2865
0.47461
0.29965
0.2993
0.29782
0.51421
0.2983
0.29696
0.29946
0.29892
0.29884
5.1647
0.29678
0.29232
5.0654
5.1566
5.2753
5.2923
0.29643
5.5714
5.5452
5.8899
5.7797
5.7987
5.7821
5.7462
5.7502
5.7872
6.0116
5.7822
5.8003
5.7985
6.3876
0.64454
0.83967
0.61185
6.5315
6.7678
6.7455
6.7058
6.6918
6.7027
6.733
6.7029
6.775
6.6155
6.5083
6.4956
6.4606
6.6443
6.4695
6.429
6.4421
6.4758
6.5674
0.62715
0.82277
0.62579
6.5251
6.2209
6.0782
5.74
5.4732
5.4585
5.4799
5.5429
3.1995
3.1588
3.0321
3.037
3.0911
3.1176
3.0519
2.9486
2.894
3.1349
3.0203
2.9897
2.8622
2.9848
2.8436
2.9179
2.7743
2.8867
2.7424
2.7701
2.7846
3.0788
2.7372
2.6629
2.6767
2.6875
2.5892
2.6035
2.5939
2.4483
1.17
0.70771
0.86673
0.71128
0.79062
0.81316
0.52804
0.30079
0.30579
0.30184
0.30188
0.30446
0.52185
0.3014
0.30337
0.30115
0.30251
2.7859
0.52968
0.30003
2.7983
0.30662
2.8924
0.30478
0.53515
0.30364
0.30699
0.30924
0.30288
0.30441
0.53419
0.30586
0.30247
0.30418
0.3062
0.30256
0.53376
0.30494
0.30191
0.30533
0.30289
0.30537
0.53451
0.30305
0.30772
0.30456
0.30435
0.30258
0.53262
0.30185
0.30245
0.29221
0.30552
0.30662
0.53198
0.30315
0.30338
0.30367
0.30456
0.30013
0.53276
0.30054
0.30333
0.30471
0.30056
2.2615
2.4348
2.1482
2.1306
1.9632
1.8974
2.0108
1.9223
1.8322
1.8491
1.811
2.0011
1.8945
1.8457
2.0355
2.0739
2.0362
1.8626
2.0231
1.9347
2.1082
2.1818
2.1456
2.1337
2.1443
2.1458
2.1441
2.165
2.1645
2.1437
2.154
2.1551
2.1531
2.142
2.1391
2.1312
2.151
2.1324
2.1353
2.163
2.1395
2.1618
2.1574
2.1597
2.1969
2.1581
2.1561
2.1573
2.1618
2.1606
NaN
NaN
NaN
NaN
310.66
0.77902
0.32363
0.18227
0.18252
0.18292
0.87544
0.18327
0.19017
0.19545
0.19332
0.1928
0.41869
0.19441
0.19471
0.19508
0.19561
0.19693
0.41728
0.19767
0.19671
0.19699
0.19807
