295.89
0.73096
0.28524
0.14788
0.14702
0.44299
1.0694
0.36773
0.42549
0.36273
0.36224
0.35896
0.35911
0.35855
0.35845
0.35783
0.35134
0.35688
0.35988
0.36043
0.359
0.35612
0.3562
0.35776
0.35455
0.356
0.36179
0.3559
0.35679
0.35847
0.35032
0.36015
0.36413
0.34993
0.34993
0.34767
0.34748
0.34913
0.34641
0.34785
0.35142
0.35413
0.36089
0.36743
0.13826
0.34083
0.34524
0.34416
0.33987
0.34103
0.34429
0.34157
0.34589
0.34509
0.34865
0.34856
0.34848
0.34225
0.34006
0.33863
0.33275
0.3402
0.34203
0.3406
0.33877
0.34159
0.33829
0.34149
0.34054
0.33916
0.33836
0.33781
0.34005
0.34013
0.34169
0.33428
0.34046
0.34132
0.33867
0.34769
0.34126
0.33932
0.34157
0.34415
0.3411
0.34923
0.35955
0.34832
0.34034
0.34041
0.33334
0.3411
0.34182
0.34169
0.34206
0.3443
0.34285
0.34799
0.34726
0.34521
0.34202
0.349
0.34177
0.36645
0.34014
0.33026
0.34054
0.34036
0.33842
0.34234
0.33859
0.56675
0.35238
0.36038
0.3647
0.35084
0.35272
0.3601
0.58459
0.14426
0.14474
0.14493
0.14319
0.35535
0.57842
0.14462
0.34609
0.35485
0.14914
0.14064
0.3507
0.1388
0.13956
0.14161
0.35357
0.14204
0.36137
0.14258
0.14155
0.14212
0.13584
0.14185
0.36422
0.14044
0.14339
0.36526
0.14155
0.36479
0.35949
0.1403
0.31989
0.14694
0.14707
0.14667
0.37006
0.14472
0.14656
0.14634
0.14588
0.1464
0.3647
0.1443
0.14489
0.14717
0.1443
0.13995
0.3632
0.14533
0.14581
0.14569
0.14388
0.14541
0.36411
0.14439
0.14678
0.1459
0.14425
0.14646
0.36484
0.14463
0.14513
0.14722
0.14561
0.14519
0.36342
0.14473
0.14406
0.14614
0.14674
0.14435
0.36731
0.14214
0.13454
0.14378
0.14339
0.14256
0.37134
0.14388
0.14164
0.14413
0.14399
0.14401
0.36268
0.14394
0.14199
0.14345
0.14466
0.1447
0.36041
0.14416
0.14198
0.14377
0.14466
0.14453
0.36132
0.14416
0.14288
0.14408
0.14608
0.14369
0.36098
0.13713
