338.25
0.80552
0.41298
0.25574
0.25969
0.25411
1.475
0.25931
0.24907
0.25412
0.24398
0.24484
0.46618
0.23931
0.24621
0.25392
0.25033
0.24544
0.46162
0.24433
0.25177
0.24488
0.24473
0.24448
0.45781
0.24552
0.25219
0.24605
0.2462
0.24589
0.45984
0.23639
0.25035
0.25161
0.24559
0.24526
0.46459
0.243
0.24375
0.25153
0.24349
0.24627
0.46735
0.24625
0.25132
0.2521
0.25147
0.25236
0.46733
0.24566
0.42642
0.25416
0.24699
0.25165
0.46267
0.24896
0.24755
0.25262
0.25228
0.25144
0.469
0.25303
0.25351
0.25153
0.24652
0.25455
0.46949
0.24954
0.25312
0.25011
0.25138
0.24894
0.4655
0.24983
0.25098
0.25402
0.24888
0.25166
0.46954
0.25129
0.25402
0.25273
0.25531
0.25237
0.46632
0.24854
0.24737
0.25105
0.24654
0.24731
0.46256
0.2446
0.25358
0.24661
0.24749
0.25305
0.46273
0.24706
0.24384
0.24611
0.25339
0.25147
0.45843
0.24053
0.24746
0.24692
0.25067
0.25244
0.46127
0.25408
0.24715
0.24741
0.24571
0.25298
0.46405
0.25454
0.25409
0.25107
0.24678
0.24841
0.46356
0.24875
0.2562
0.25414
0.24798
0.25418
0.46103
0.25417
0.25464
0.24722
0.25301
0.25408
0.4645
0.25563
0.25446
0.25513
0.25589
0.25516
0.47027
0.24961
0.24764
0.24808
0.25564
0.2568
0.47177
0.25573
0.25537
0.25597
0.25702
0.25803
0.46377
0.25242
0.25597
0.25571
0.25696
0.2468
0.47227
0.24818
0.24915
0.25853
0.25936
0.25241
0.46416
0.25154
0.24876
0.25637
0.24879
0.25237
0.47326
0.25561
0.26002
0.25812
0.25914
0.2575
0.47233
0.24402
0.25182
0.25164
0.25266
0.251
0.47264
0.25148
0.2578
0.25169
0.25342
0.25075
0.46473
0.26065
0.25973
0.25345
0.25366
0.25841
0.47536
0.25385
0.26159
0.25898
0.25785
0.25965
0.4672
0.2534
0.25267
0.25695
0.25958
0.26026
0.47252
0.25867
0.25097
0.25886
0.26189
0.26071
0.46414
0.25177
