348.44
0.86925
0.35876
0.2399
0.22739
0.22349
0.92381
0.22441
0.22268
0.22297
0.22351
0.29261
0.4914
0.27645
0.27004
0.2619
0.27351
0.26685
0.50048
0.28316
0.2649
0.25868
0.2572
0.2597
0.4815
0.25854
0.2591
0.25812
0.25802
0.26399
0.48584
0.262
0.2582
0.50146
0.26723
0.25858
0.2574
0.47204
0.25977
0.26128
0.26303
0.26959
0.26399
0.48936
0.26141
0.26075
0.26391
0.26541
0.26168
0.47363
0.26787
0.44252
0.269
0.2614
0.26062
0.47728
0.2712
0.26459
0.26794
0.26344
0.26375
0.47614
0.26411
0.26105
0.2636
0.26944
0.26776
0.4813
0.26516
0.26837
0.25614
0.263
0.2755
0.48662
0.2635
0.26285
0.27167
0.27399
0.26356
0.47763
0.26543
0.26764
0.26393
0.26621
0.26376
0.48428
0.27887
0.25965
0.2635
0.26418
0.27182
0.48094
0.26223
0.26491
0.26577
0.27185
0.26495
0.48309
0.27249
0.27778
0.27563
0.27192
0.2741
0.49461
0.26875
0.26724
0.27021
0.27596
0.27226
0.49259
0.27041
0.27081
0.27503
0.27653
0.27077
0.52332
0.27675
0.289
0.29936
0.27843
0.28415
0.52087
0.28697
