310.76
0.74527
0.28043
0.14713
0.1467
0.14338
0.83301
0.14435
0.14341
0.14231
0.14546
0.15108
0.39819
0.14421
0.14235
0.14178
0.14134
0.1422
0.35638
0.14155
0.14526
0.14067
0.34458
0.25976
0.47516
0.14214
0.14303
0.14079
0.14305
0.1418
0.359
0.14315
0.14269
0.14324
0.14277
0.14299
0.35836
0.14338
0.1406
0.14274
0.14483
0.14259
0.35838
0.13551
0.14049
0.14891
0.143
0.14043
0.36088
0.14218
0.32504
0.14406
0.14468
0.14422
0.36189
0.15064
0.14569
0.14352
0.14245
0.14366
0.35838
0.14276
0.14241
0.14296
0.1424
0.14488
0.36354
0.14226
0.14317
0.14392
0.143
0.13613
0.36191
0.14245
0.14327
0.14359
0.1419
0.14291
0.35318
0.14204
0.14409
0.14277
0.14289
0.14341
0.353
0.14317
0.14418
0.14349
0.14338
0.14542
0.35254
0.1442
0.14565
0.14381
0.14309
0.14376
0.35222
0.14325
0.14401
0.13588
0.14371
0.14566
0.35627
0.14427
0.14378
0.14096
0.14152
0.14331
0.35004
0.14336
0.14267
0.14186
0.14313
0.14262
0.4531
0.1433
0.14124
0.1451
0.24945
0.24885
0.35772
0.14513
0.14033
0.14116
0.1424
0.24271
0.44925
0.23594
0.2388
0.24438
0.2443
0.23227
0.23397
0.23855
0.22998
0.22935
0.22903
0.22819
0.14399
0.22403
0.44748
0.2287
0.22604
0.22662
0.22731
0.22571
0.21959
0.22563
0.22634
0.22531
0.22452
0.2257
0.2253
0.22351
0.22425
0.22459
0.22517
0.22387
0.22584
0.22457
0.22816
0.22666
0.22566
0.22559
0.22634
NaN
NaN
NaN
NaN
308.65
0.75273
0.28955
0.15535
0.14205
0.14215
0.82197
0.13923
0.14069
0.13991
0.13887
0.14124
0.35428
0.13809
0.30825
0.2313
0.22583
0.13886
