310.8
0.78337
0.33022
0.19021
0.18685
0.18652
0.87522
0.18651
0.18331
0.18222
0.18147
0.17985
0.40768
0.18037
0.18365
0.18572
0.18431
0.18493
1.03
0.7071
0.19812
0.19752
0.69272
0.69122
0.91565
0.19678
0.69376
0.68354
0.67712
0.69063
0.90369
0.67861
0.68548
0.18972
0.18943
0.18668
0.40731
0.68636
0.68082
0.6854
0.68415
0.68512
0.89297
0.66923
0.66222
0.6604
0.66473
0.72293
2.0752
0.63717
0.8078
1.619
1.6079
1.5542
0.86236
1.5493
1.6014
1.5655
1.5758
1.5667
1.5765
1.5566
1.5584
1.569
1.5726
1.5778
1.0854
1.5582
1.5671
1.5621
1.5846
1.5402
1.4876
1.4289
1.6347
0.64007
0.65489
0.65473
0.64656
0.65065
1.1953
1.4151
0.17296
0.64824
0.67002
1.1332
0.68245
0.38592
0.1723
