309.84
0.72207
0.28045
0.14276
0.14602
0.14054
0.81882
0.14178
0.14032
0.13967
0.14108
0.14062
0.35824
0.1402
0.13922
0.1398
0.14072
0.13797
0.35381
0.1398
0.13844
0.14128
0.13914
0.13901
0.35337
0.1393
0.13939
0.1396
0.13842
0.13883
0.35298
0.13758
0.13927
0.13898
0.13797
0.13958
0.35109
0.13748
0.14133
0.13892
0.13795
0.13967
0.35034
0.13837
0.13918
0.13812
0.1388
0.1397
0.34686
0.13709
0.31299
0.13949
0.14105
0.13851
0.35088
0.13737
0.14373
0.14045
0.13818
0.13954
0.35012
0.13685
0.13892
0.55693
1.4547
0.61997
0.83939
0.62933
0.13973
0.14293
0.1395
0.1419
0.35142
0.14087
0.14094
0.14071
0.14047
0.14047
0.99074
0.60779
0.62962
0.63741
0.1365
0.13868
0.35147
0.13989
0.13973
0.14226
0.14195
0.14033
0.355
0.14183
0.14001
0.14241
0.14135
0.14056
0.35989
0.14027
0.14485
0.67968
0.61918
0.62004
0.8436
0.64516
0.14177
0.14054
0.14252
0.14765
0.35289
0.14477
0.1423
0.13965
0.14179
0.1424
0.35308
0.14189
0.14116
0.14038
0.14146
0.14242
0.35616
0.14517
0.15106
0.13969
0.14481
0.1392
0.3519
0.13893
0.13701
0.134
0.14403
0.13715
0.35117
0.14
0.13972
0.14218
0.14002
0.1381
0.35621
0.1386
0.14145
0.14102
0.13966
0.13994
0.3534
0.13959
0.14396
0.1417
0.14095
0.14223
0.35112
0.13985
0.14039
0.14008
0.13984
0.14023
0.34863
0.13989
0.14023
0.13984
0.14122
0.14157
0.35241
0.14468
0.14285
0.14022
0.14078
0.1396
0.35277
0.14177
0.13968
0.65071
0.64805
0.65073
0.85851
0.64706
0.64313
0.64058
0.63181
0.63291
0.86023
0.6394
0.63704
0.63782
0.64831
0.63643
0.84208
0.6306
0.62358
0.62949
0.62418
0.61626
0.83828
0.62539
0.63454
0.63439
0.64854
0.64131
0.84753
0.62339
0.14072
0.13997
0.14064
0.13983
0.35261
0.1423
0.14382
0.14171
0.14386
0.14493
0.35265
0.14344
0.14246
0.14143
0.1419
0.14516
0.35438
0.14284
0.14301
0.14321
0.14252
0.14557
0.35436
0.1434
0.14367
0.14289
0.14443
0.14505
0.35743
0.14383
0.14492
0.14668
0.14332
0.1445
0.35457
0.14318
0.14387
0.14355
0.14441
0.14351
0.35387
0.14391
0.1449
0.14386
0.14333
0.14332
0.35548
0.14581
0.14729
0.14525
0.1445
0.14572
0.35301
0.14194
0.14345
0.14414
0.14685
0.14428
0.35461
0.145
0.14349
0.14469
0.14544
0.1433
0.35741
0.14449
0.14486
0.14565
0.14486
0.14364
0.35843
0.14556
0.14433
0.14693
0.14586
0.14345
0.35873
0.14581
0.14723
0.14573
0.14633
0.14529
0.36263
0.14499
0.14906
0.14425
0.145
0.14631
0.35908
0.14683
0.14792
0.14513
0.14947
0.14756
0.36257
0.14717
0.85303
0.81411
0.82315
0.8119
0.7988
1.0314
0.85528
0.84241
0.82755
0.81879
0.82141
0.64331
0.64076
0.62739
NaN
NaN
NaN
NaN
310.8
0.76998
0.31102
0.18028
0.17561
0.17441
0.86374
1.0395
0.17674
0.9591
0.95497
0.95942
NaN
NaN
NaN
NaN
296.9
1.3655
0.81077
0.72191
1.4686
1.4169
0.91777
0.17386
0.86214
0.16992
0.17366
0.17374
0.88314
0.88869
0.89626
0.91818
0.3926
0.17624
0.17639
0.92934
0.97588
0.17465
1.1452
0.17521
1.024
0.98783
0.99926
1.0004
0.99265
1.0188
1.0059
1.018
NaN
NaN
NaN
NaN
337.91
0.87927
0.40644
0.89816
0.77767
0.77978
1.4773
0.79298
0.78955
0.78441
0.80359
0.77975
0.99428
0.77504
0.78028
0.76643
0.76564
0.7705
1.0123
0.75125
0.74266
0.76592
0.77373
0.77304
0.96906
0.76384
0.76678
0.76575
0.77408
0.77789
1.0513
0.78116
0.67766
0.80992
0.78107
0.78403
0.98953
0.7919
0.77739
0.2615
0.26219
0.26274
0.86001
0.63354
0.64418
1.4447
0.75515
0.76526
0.47511
0.26357
0.448
0.26885
0.26188
0.27024
0.47458
0.27006
0.25772
0.26498
0.25634
0.25768
0.48725
0.26438
0.26165
0.26346
0.26753
0.26956
0.48827
0.2673
