311.12
0.73498
0.28005
0.14142
0.14011
0.13947
0.32255
0.9397
0.24178
0.30428
0.23938
0.23922
0.23303
0.24294
0.23893
0.24153
0.24074
0.24011
0.24501
0.14088
0.14055
0.13867
0.14025
0.47788
0.13998
0.13668
0.13688
0.25497
0.25125
0.24051
0.23864
0.24048
0.45684
0.13487
0.13495
0.12868
0.13466
0.13495
0.34502
0.13413
0.13545
0.13574
0.13927
0.13647
0.34487
0.13628
0.13499
0.13372
0.13721
0.13866
0.34582
0.1368
0.1359
0.13644
0.13657
0.13517
0.34599
0.13744
0.13542
0.13653
0.13726
0.13558
0.34907
0.13529
0.30617
0.1411
0.13796
0.13822
0.34787
0.13851
0.13979
0.23752
0.13784
0.14044
0.13871
