311.03
0.78687
0.33933
0.19123
0.18136
0.17998
0.86075
0.18131
0.18155
0.18052
0.17651
0.18559
0.40827
0.18412
0.19488
0.19367
0.19401
0.19703
0.41175
0.19433
0.19492
0.19489
0.19082
0.19203
0.40485
0.1927
0.19478
0.19313
0.19448
0.1941
0.40872
0.19118
0.18641
0.19002
0.18864
0.18869
0.41057
0.18748
0.18852
0.18849
0.18835
0.18958
0.3988
0.18332
0.18354
0.18402
0.19
0.18386
0.3993
0.18304
0.36795
0.18537
0.18736
0.18705
0.40029
0.17841
0.18277
0.18508
0.18601
0.19285
0.39556
0.18402
0.18237
0.18313
0.18356
0.18238
0.3948
0.18204
0.18342
0.18363
0.18278
0.18486
0.39946
0.19327
0.18714
0.18605
0.18591
0.18511
0.3971
0.1768
0.1838
0.18324
0.18614
0.1852
0.40074
0.18352
0.18273
0.18252
0.18322
0.18326
0.39705
0.18268
0.18425
0.1818
0.18136
0.18258
0.39394
0.18001
0.178
0.17711
0.17812
0.1804
0.394
0.1729
0.17561
0.18187
0.1795
0.17919
0.39065
0.1752
0.18152
0.17702
0.1762
0.17672
0.39078
0.17603
0.17569
0.17632
0.17751
0.17538
0.39638
0.17687
0.17886
0.17707
0.18372
0.1769
0.38725
0.17382
0.17669
0.17778
0.17589
0.17539
0.38787
0.17601
0.18235
0.17449
0.17463
0.17551
0.38932
0.17452
0.17606
0.17611
0.17406
0.17562
0.39849
0.1745
0.17542
0.17427
0.17834
0.17584
0.38439
0.16643
0.17154
0.17512
0.17398
0.17292
0.38645
0.17383
0.1765
0.17454
0.17416
0.17461
0.38818
0.17246
0.17267
0.17363
0.17092
0.17231
0.38761
0.17403
0.17293
0.17135
0.17206
0.17716
0.38748
0.17042
0.17205
0.17946
0.17242
0.17264
0.38585
0.17047
0.17149
0.17344
0.17201
0.17499
0.38517
0.17513
0.17406
0.1758
0.17404
0.17258
0.3936
0.17263
0.17252
0.17115
0.17072
0.17279
0.38541
0.16327
0.16891
0.17187
0.17298
0.17197
0.38251
0.16943
0.17092
0.17279
0.17229
0.17109
0.38499
0.17159
0.17251
0.17476
0.16931
0.17009
0.38616
0.1693
0.16857
0.16981
0.17047
0.17114
0.38779
0.16888
0.16499
0.17455
0.17221
0.17208
0.38861
0.17242
0.17445
0.1745
0.17419
0.17487
0.38927
0.17253
0.17285
0.17349
0.17133
0.17272
0.3859
0.17081
0.17142
0.1704
0.17296
0.173
0.38524
0.16972
0.16504
0.17315
0.1717
0.1714
0.38814
0.17194
0.17301
0.17191
0.17169
0.17353
0.38283
0.17085
0.17158
0.17237
0.17009
0.17165
0.38615
0.17114
0.1731
0.17221
0.17196
0.17199
0.38609
0.17124
0.17119
0.16498
0.1705
0.17028
0.38485
0.16986
0.17289
0.17074
0.17155
0.17161
0.38807
0.17089
0.17159
0.17303
0.1708
0.17083
0.38855
0.17134
0.17113
0.17047
0.17027
0.17163
0.38577
0.16945
0.16853
0.1704
0.16451
