312.25
0.74447
0.28287
0.1487
0.1465
0.14362
0.83807
0.14188
0.14358
0.14301
0.14142
0.14267
0.36624
0.14182
0.14234
0.1422
0.14113
0.1375
0.36077
0.14198
0.14256
0.14147
0.14164
0.33829
0.36343
0.14172
0.25578
0.25016
0.24431
0.24316
0.24145
0.24737
0.24859
0.25464
0.47379
0.13818
0.26071
0.13845
0.13752
0.26527
0.35159
0.13703
0.13803
0.13816
0.13669
0.13706
0.4745
0.13763
0.13857
NaN
NaN
NaN
NaN
311.8
0.74195
0.28169
0.1484
0.14835
0.14242
0.83374
0.14249
0.14034
0.14223
0.1413
0.1424
0.36557
0.14195
0.14033
0.14111
0.14154
0.1413
0.36066
0.14078
0.13981
0.14305
0.14237
0.14072
0.36319
0.14015
0.14033
0.14139
0.13986
0.14087
0.36344
0.14103
0.14322
0.14508
0.13475
0.14409
0.36194
0.14122
0.1432
0.14255
0.14188
0.14416
0.36011
0.14161
0.14398
0.14288
0.14242
0.14505
0.35879
0.14234
0.31858
0.15071
0.14371
0.14358
0.35995
0.14192
0.1483
0.14444
0.14358
0.14276
0.35602
0.13762
0.14341
0.14352
0.14269
0.14255
0.35727
0.14325
0.14434
0.14225
0.14354
0.14157
0.35802
0.14537
0.14244
0.14274
0.14335
0.14475
0.36081
0.14678
0.14248
0.14341
0.1445
0.14211
0.35671
0.14417
0.14315
0.14325
0.14432
0.14241
0.35651
0.14358
0.14272
0.14449
0.14464
0.14237
0.35835
0.14383
0.14319
0.14517
0.14483
0.14186
0.36037
0.14394
0.14196
0.14369
0.14248
0.1433
0.35345
0.13793
0.14135
0.14128
0.13844
0.14064
0.35267
0.14472
0.14132
0.14173
0.13606
0.14521
0.35011
0.68355
0.56214
0.58623
0.57464
0.58094
0.35166
0.14288
0.59563
0.14092
0.14157
0.13648
0.35571
0.59462
0.1429
0.1453
0.14361
0.14206
0.35508
0.1458
0.14466
0.14735
0.14657
0.14719
1.0544
0.14547
0.14372
0.1481
0.75983
0.13986
0.96838
0.14465
0.14593
0.14823
0.14685
1.1737
0.5559
0.78152
0.59428
0.58783
0.14195
0.6057
0.14969
0.35582
0.14823
0.61033
0.14807
0.62045
0.14781
0.36151
0.63789
0.14838
0.14997
0.6044
0.15021
0.36004
0.14202
0.15106
1.2277
1.5913
0.56652
1.6406
1.6357
1.6342
1.2035
