307.87
0.73597
0.27915
0.143
0.14821
0.14003
0.84007
0.14071
0.14041
0.13875
0.14282
0.14106
0.3732
0.14147
0.14163
0.14103
0.1421
0.14137
0.36824
0.14066
0.14147
0.14155
0.14195
0.13503
0.36737
0.14205
0.14219
0.14063
0.14138
0.14059
0.36939
0.14058
0.14136
0.14117
0.14132
0.14197
0.36783
0.14166
0.14035
0.14104
0.14145
0.14075
0.36683
0.14165
0.13953
0.14166
0.14082
0.1405
0.36705
0.14032
0.31964
0.14505
0.14296
0.14278
0.37049
0.14197
0.14294
0.14226
0.14208
0.14303
0.36905
0.14214
0.14274
0.14269
0.14128
0.14198
0.36903
0.14172
0.14257
0.14822
0.14286
0.14077
0.36824
0.14215
0.14197
0.14264
0.14157
0.1415
0.37278
0.13623
0.14118
0.14335
0.14245
0.1409
0.36871
0.14194
0.14198
0.1418
0.14168
0.14077
0.36962
0.14178
0.14228
0.142
0.1419
0.14141
0.36853
0.14321
0.14124
0.14211
0.14271
0.14075
0.37474
0.14201
0.13971
0.14155
0.14223
0.13966
0.33924
0.36728
0.14188
0.14209
0.26838
0.33216
0.26463
0.26325
0.26326
0.26148
0.26183
0.26059
0.261
0.26143
0.26301
0.26207
0.26303
0.26159
0.26243
0.25866
0.26294
0.25932
0.25812
0.25511
0.2534
0.13962
0.14144
0.14068
0.36725
0.13958
0.14043
0.13901
0.1386
0.13846
0.36785
0.1377
0.13819
0.13959
0.13799
0.13877
0.36946
0.13696
0.13773
0.13975
0.13774
0.13193
0.36453
0.13629
0.13851
0.25632
0.25339
0.23944
0.2405
0.23935
0.23708
0.24286
0.27387
0.23966
0.23763
0.24075
0.23887
0.23941
0.23782
0.24094
0.23786
0.2374
0.23743
0.23199
0.23503
0.23585
0.24266
0.35791
0.13848
0.13625
0.13819
0.23748
0.13756
0.13843
0.35461
0.13847
0.13673
0.13874
0.13888
0.13719
0.49246
0.13834
0.13812
0.13874
0.14061
0.14043
0.35975
0.1383
0.13854
0.134
0.13799
0.13843
0.36205
0.13674
0.1402
0.13943
0.13843
0.1402
0.35713
0.13793
0.13874
0.13967
0.13978
0.13968
0.35649
0.14068
0.14007
0.14039
0.14077
0.13982
0.35942
0.27135
0.24172
0.24094
0.24052
0.24372
0.23537
0.2381
0.23657
0.69222
0.56421
0.53424
0.52657
0.73838
0.5616
0.24121
0.2381
0.24477
0.23925
0.24175
0.24166
0.24037
0.24359
0.24307
0.2431
0.24572
0.24591
NaN
NaN
NaN
NaN
309.27
0.7404
0.28139
0.36866
0.28983
0.2812
0.28702
0.27516
0.27851
0.28856
1.0138
0.1391
0.13882
0.28964
0.28888
0.2878
0.29429
0.30224
0.29919
0.28939
0.28917
0.29201
0.2897
0.28916
0.29124
0.29092
0.28769
0.28691
0.28953
0.28704
0.28752
0.29186
0.28997
0.28681
0.28582
0.28638
0.28548
0.28459
0.29216
0.28516
0.28542
0.28383
0.28438
0.28515
0.28419
0.28805
0.28313
0.28147
0.28308
0.28475
0.28292
0.28313
0.28608
0.28285
0.28218
0.28282
0.28546
0.28329
0.283
0.28323
0.2845
0.28242
0.28261
0.28697
0.28561
0.28619
