331.06
0.89263
0.42901
0.309
0.2933
0.29262
0.97251
0.29426
0.29472
0.28984
0.28614
0.29612
0.51252
0.28504
0.2954
0.29364
0.29034
0.28977
0.50608
0.28987
0.29007
0.29071
0.2902
0.28961
0.50662
0.2885
0.29266
0.29007
0.28979
0.2832
0.50686
0.28555
0.29146
0.28578
0.28802
0.29101
0.50808
0.28897
0.28431
0.7673
0.77691
0.76616
0.50072
0.28501
0.29312
0.29123
0.29391
0.28381
0.5014
0.28417
0.46096
0.28538
0.28864
0.28478
0.50413
0.28574
0.28672
0.27836
0.29424
0.28467
0.49989
0.29226
0.28541
0.29038
0.28919
1.0085
0.88822
0.66996
0.72208
0.24974
0.24958
0.24763
0.51801
0.28748
0.28859
0.28903
0.28734
0.29467
0.51399
0.284
0.2949
0.28733
0.28848
0.27981
0.51015
0.2851
0.28872
0.28281
0.28635
0.28325
0.50621
0.28556
0.28542
0.28257
0.2848
0.28236
0.50578
0.28661
0.28839
0.28404
0.28894
0.28802
0.50794
0.2922
0.29534
0.28353
0.96609
0.97261
0.28829
0.51703
0.29602
0.29069
0.29488
0.29376
0.29134
0.50798
0.28408
0.28352
0.28329
0.28294
0.28483
0.50906
0.28661
0.28518
0.29127
0.28459
0.29143
0.50251
0.29004
0.28596
0.28348
0.28732
0.28558
0.51742
0.28448
0.29166
0.2916
0.29247
0.28531
0.51519
0.29132
0.28492
0.28541
0.28977
0.29085
0.51369
0.28568
0.29218
0.29324
0.29116
0.28451
0.51532
0.28953
0.28564
0.29153
0.29146
0.29357
0.51396
0.27682
1.0334
0.98547
0.98686
1.012
1.0317
0.99453
1.0122
1.0139
1.0195
1.0199
1.0088
1.0167
1.0143
NaN
NaN
NaN
NaN
310.17
0.77095
0.31994
0.18387
0.17881
0.17841
0.87742
0.177
0.17483
1.0005
0.88646
0.93911
0.92113
1.14
0.95615
0.95654
0.9842
0.94722
0.17841
0.94596
0.17451
0.40086
0.17128
0.17365
0.17615
0.17281
0.17314
0.39513
0.17022
0.17329
0.17511
0.17558
0.17552
0.39661
0.16955
