311.9
0.7337
0.28076
0.14652
0.14647
0.14294
0.83446
0.14395
0.14352
0.14297
0.14263
0.14228
0.36981
0.14229
0.14352
0.15343
0.14263
0.14285
0.36234
0.14165
0.14244
0.14353
0.14516
0.14288
0.36462
0.14308
0.14108
0.14141
0.14194
0.14392
0.36034
0.1425
0.14149
0.14233
0.14327
0.1407
0.74221
0.65055
0.53521
0.54595
0.54983
0.55294
0.77372
0.56115
0.55605
0.55351
0.53115
0.52507
0.75717
0.54224
0.71844
0.55087
0.54164
0.54918
0.7666
0.54325
0.53981
0.5469
0.54886
0.54574
0.77062
0.54493
0.53545
0.54848
0.5704
0.57705
0.85718
0.64189
0.14619
0.14645
0.14723
0.14704
0.36466
0.14919
0.14595
0.14625
0.14885
0.43379
0.42945
0.44493
0.35826
0.1413
0.58885
0.54619
0.55186
0.56158
0.77913
0.57274
0.56703
0.57001
0.57534
0.55362
0.79035
0.94288
0.43844
0.42873
0.42641
0.42583
0.42394
0.43188
0.42631
0.43477
0.14592
0.14459
0.14531
0.36302
0.14737
0.14528
0.14519
0.43419
0.43187
0.43999
0.14544
0.36439
0.14546
0.1461
0.14552
0.14564
0.14567
0.69042
0.43188
0.43091
0.43359
0.44377
0.45471
0.46779
0.46054
0.14595
0.44723
0.62852
0.78353
0.54068
0.5629
0.58264
0.58657
0.61726
0.81823
0.56202
0.58466
NaN
NaN
NaN
NaN
310.48
1.3778
0.8645
0.71282
0.1452
0.14638
0.82402
0.14813
0.14705
0.14494
NaN
NaN
NaN
NaN
310.69
1.3304
0.8065
0.62068
0.64132
0.74909
1.4419
0.1488
0.68399
NaN
NaN
NaN
NaN
308.16
0.74144
0.28556
0.79221
0.64124
NaN
NaN
NaN
NaN
307.89
1.4066
0.80512
0.64295
0.58829
0.60602
1.3932
1.1438
1.0791
1.0477
0.65839
0.65505
0.71198
1.1079
1.1328
0.68529
0.883
0.68012
0.69727
1.0658
0.75972
0.75779
1.1272
1.1254
0.70149
0.88866
1.0582
1.1296
0.47997
0.48422
0.46837
0.46568
NaN
NaN
NaN
NaN
311.31
0.74316
0.28168
0.15175
0.15291
0.14197
0.8337
0.14686
NaN
NaN
