310.53
0.77462
0.3151
0.18225
0.17955
0.17756
0.86997
0.17712
0.17673
0.17589
0.17712
0.17674
0.40025
0.17679
0.17385
0.17434
0.17711
0.17622
0.39544
0.76786
0.66096
0.65027
0.17434
0.176
0.39074
0.175
0.17491
0.17658
0.1763
0.17593
0.39168
0.17452
0.1766
0.17661
0.17665
0.17607
0.39631
0.17058
0.17619
0.17501
0.17474
0.17544
0.39439
0.17459
0.17437
0.17468
0.17888
0.17746
0.39331
0.17563
0.35384
0.18033
0.17846
0.17919
0.39831
0.17647
0.17454
0.17653
0.17497
0.1753
0.39198
0.17478
0.17552
0.17917
0.17409
0.1736
0.39374
0.17413
0.17421
0.17291
0.17426
0.64769
0.3918
0.17559
0.17443
0.17261
0.17264
0.17408
0.3967
0.17318
0.17177
0.17255
0.17426
0.17579
0.38551
0.17617
0.17581
0.17832
0.17765
0.17642
0.39743
0.17368
0.17341
0.17345
0.1729
0.17376
0.38854
0.17269
0.17255
0.17285
0.17472
0.17177
0.39613
0.17319
0.17442
0.1739
0.17679
0.1763
0.38457
0.17307
0.17306
0.17538
0.17199
0.17247
0.39147
0.17845
0.17094
0.17108
0.171
0.17229
0.38541
0.17035
0.17161
0.17104
0.17289
0.17142
0.38945
0.16983
0.1717
0.17036
0.16886
0.17353
0.37757
0.16961
0.16953
0.1699
0.17101
0.17071
0.38729
0.17047
0.17445
0.17064
0.17059
0.16865
0.38451
0.17678
0.17118
0.16989
0.16871
0.16987
0.39086
0.16964
0.16904
0.64757
0.63322
0.1702
0.38768
0.17243
0.17239
0.17022
0.17213
0.17213
0.39288
0.17244
0.17075
0.17425
0.17263
0.63558
0.79732
0.54903
0.55534
0.63977
0.65333
0.171
0.38909
0.16927
0.17212
0.17153
0.17068
0.17109
0.38834
0.17213
0.17198
0.16663
0.1692
0.63647
0.81688
0.54646
0.53934
0.57518
0.60935
0.62734
0.84169
0.16997
0.16994
0.17485
0.17149
0.17104
0.38964
0.16173
0.17189
0.17029
0.17049
0.16886
0.38534
0.16867
0.16897
0.16922
0.16728
0.16901
0.38809
0.16784
0.1683
0.16739
0.16667
0.17034
0.38288
0.16679
0.16882
0.16796
0.17429
0.17009
0.38562
0.16904
0.16135
0.17707
0.17024
0.16785
0.38524
0.17542
0.17055
0.16863
0.16884
0.17008
0.39015
0.1707
0.1681
0.17005
0.17063
0.17007
0.38327
0.16865
0.17015
0.16855
0.16775
0.16968
0.38359
0.16977
0.16755
0.16142
0.16855
0.16827
0.38448
0.16786
0.16896
0.1689
0.17161
0.17299
0.38673
0.17216
0.16998
0.17148
0.17074
0.17001
0.39125
0.17419
0.17408
0.17199
0.1709
0.17269
0.39139
0.17031
0.17062
0.17324
0.16594
0.17241
0.3868
0.16925
0.17025
0.16764
0.16537
0.16437
0.37729
0.16993
0.16646
0.16544
0.16682
0.16768
0.37684
0.16551
0.16557
0.1686
0.16549
0.16545
0.37561
0.16447
0.16449
0.16324
0.1638
0.16048
0.37255
0.16356
0.16535
0.16658
0.1661
0.16548
0.3759
0.16399
0.16503
0.16592
0.167
0.1677
0.37392
0.16446
0.16675
0.16693
0.16752
0.16734
0.3797
0.16895
0.16799
0.16674
0.16513
0.16884
0.37122
0.1659
0.16707
0.16716
0.16848
0.1692
0.38009
0.1671
0.16781
0.16872
0.16852
0.16914
0.37992
0.16837
0.16731
0.16723
0.16726
0.16922
0.37872
0.16654
0.16759
0.16921
0.167
0.16748
0.37691
0.16012
0.16836
0.16742
0.16878
0.16951
0.37881
0.16698
0.1686
0.16898
0.16872
0.16667
0.37796
0.16812
0.16775
0.16658
0.17188
0.17014
0.37998
0.16822
0.16782
0.16924
0.16541
0.16365
0.37499
0.16755
0.16025
0.16516
0.16611
0.16694
0.37829
0.16581
0.16689
0.16461
0.16623
0.16484
0.3746
0.16528
0.16539
0.1659
0.16365
0.16564
0.37958
0.16376
0.16412
0.16471
0.16482
0.16729
0.37244
0.16447
0.16533
0.16501
0.15793
0.16528
0.37661
0.16206
0.16742
0.16468
0.16408
0.16356
0.37281
0.16784
0.16587
0.16581
0.16814
0.16787
0.38038
0.16848
0.16549
0.17066
0.1674
0.16807
0.37583
0.16729
0.16872
0.16828
0.16781
0.1618
0.38001
0.16579
0.16606
0.16698
0.16721
0.16656
0.37665
0.16639
0.16846
0.16718
