270,175,135,98
272,177,133,96
271,177,134,96
271,177,135,97
271,177,133,96
272,176,132,98
272,177,133,96
272,177,132,97
272,176,132,97
272,177,131,97
271,176,133,97
272,176,132,96
271,177,132,96
271,176,134,97
270,177,133,96
270,177,133,96
270,176,132,97
271,175,131,96
269,175,133,97
269,175,132,96
269,176,133,95
270,176,133,96
269,176,133,96
269,176,133,95
268,173,133,97
267,175,134,96
268,175,132,95
267,176,134,94
267,175,133,95
266,174,134,94
265,174,134,94
265,174,134,95
264,174,134,94
264,174,134,94
263,174,133,95
262,172,133,95
260,170,137,98
261,171,133,95
260,171,133,95
259,170,133,95
258,170,133,95
254,168,137,98
253,170,135,92
254,170,131,89
250,169,135,92
250,168,135,92
249,169,135,90
247,168,135,90
243,167,138,90
238,165,139,92
234,164,141,91
233,165,140,90
232,165,138,89
230,163,140,91
229,162,138,91
225,161,140,91
221,159,141,90
219,160,141,89
216,160,140,87
214,159,140,87
211,157,140,89
206,154,140,89
204,155,140,88
202,154,139,88
194,153,140,88
191,153,143,87
187,153,140,84
182,150,142,86
179,150,141,85
173,150,144,84
169,148,147,86
159,148,149,83
155,149,151,84
168,148,153,85
188,148,156,87
225,146,160,89
238,144,165,92
235,142,161,84
235,144,159,83
226,142,165,83
214,145,166,80
212,141,165,81
208,141,168,81
196,141,171,83
190,142,171,81
197,143,162,78
170,141,178,81
173,140,174,81
151,138,185,82
143,144,185,75
137,142,186,77
150,143,192,79
129,141,184,81
140,140,172,79
117,139,181,79
124,137,173,80
140,140,168,78
108,137,176,82
117,140,165,80
109,139,170,78
127,139,154,76
162,138,151,75
175,140,151,75
249,146,147,72
209,144,138,64
216,141,137,74
205,137,140,78
211,140,129,73
209,138,130,77
219,141,114,74
218,140,109,73
216,141,112,75
214,140,110,74
184,136,132,80
215,137,101,79
188,137,121,77
214,140,91,74
223,143,82,70
194,140,82,70
192,140,82,70
191,140,82,70
189,140,82,70
187,140,82,70
185,140,82,70
184,140,82,70
182,140,82,70
180,140,82,70
178,140,82,70
177,140,82,70
175,140,82,70
173,140,82,70
171,140,82,70
170,140,82,70
168,140,82,70
166,140,82,70
164,140,82,70
163,141,82,70
161,141,82,70
166,144,80,68
168,144,77,66
168,144,77,66
170,144,75,64
170,144,75,64
171,143,75,64
171,142,75,64
171,142,75,64
171,141,75,64
172,140,75,64
172,140,75,64
172,139,75,64
173,139,75,64
173,138,75,64
173,137,75,64
174,137,75,64
174,136,75,64
174,135,75,64
175,135,75,64
175,134,75,64
175,134,75,64
176,133,75,64
176,132,75,64
176,132,75,64
177,131,75,64
177,131,75,64
177,130,75,64
178,129,75,64
178,129,75,64
178,128,75,64
179,127,75,64
179,127,75,64
179,126,75,64
180,126,75,64
180,125,75,64
180,124,75,64
179,144,76,65
179,144,76,65
179,145,76,65
189,144,74,63
194,144,73,63
225,145,70,69
226,143,72,74
201,141,71,73
228,146,73,68
203,141,72,67
205,141,72,67
206,141,73,68
207,140,74,69
222,141,92,74
207,139,108,77
206,139,111,76
215,142,104,72
212,141,109,73
211,141,113,75
213,142,116,73
212,144,118,69
212,141,122,72
207,143,131,69
171,136,166,79
194,143,148,70
202,141,145,71
208,140,142,71
204,141,151,73
189,132,165,84
208,140,151,70
199,133,165,84
207,133,162,86
217,138,158,73
208,136,168,79
205,136,172,80
211,134,170,81
209,135,178,81
208,135,183,84
210,141,175,74
187,138,180,76
171,137,179,75
145,138,184,78
94,135,203,83
123,139,181,80
103,131,205,93
106,131,206,92
97,133,216,91
145,137,172,78
119,134,205,81
150,139,174,74
115,127,214,93
164,136,165,79
177,132,165,79
129,132,211,87
132,133,209,86
173,134,171,81
140,131,210,89
171,134,173,82
148,130,194,88
188,135,161,81
160,129,189,90
164,129,187,89
138,129,189,90
104,128,189,90
100,128,193,92
100,136,174,83
99,134,178,86
126,135,155,80
106,133,170,87
107,131,174,87
110,131,173,87
110,136,170,85
116,134,165,85
132,130,163,84
122,132,165,86
139,128,165,86
127,129,165,88
159,134,140,81
142,131,156,86
144,132,153,86
139,131,160,87
149,128,157,85
149,132,155,85
148,133,159,82
150,129,162,84
152,132,151,82
162,131,150,81
147,129,154,88
157,132,149,83
164,130,146,81
163,129,149,83
156,129,151,84
157,130,151,83
157,130,155,85
157,128,152,85
166,128,150,84
165,128,152,85
166,128,152,85
165,128,152,85
167,130,149,83
164,128,154,86
167,129,149,83
165,127,140,78
168,86,143,80
166,30,141,79
170,34,140,78
168,33,143,80
169,34,140,78
166,32,144,80
168,34,143,80
170,33,140,78
168,33,141,79
156,29,153,85
163,30,151,84
160,29,156,87
155,26,155,89
164,29,150,86
164,29,150,86
163,29,152,87
163,29,152,87
164,29,149,86
162,28,153,88
161,28,155,89
160,27,155,89
160,28,155,89
163,30,150,86
163,30,150,86
161,28,152,87
161,28,152,87
160,28,153,88
160,29,153,88
160,29,152,87
161,30,150,86
159,29,152,87
158,29,153,88
158,29,152,87
158,29,152,87
157,29,152,87
158,31,150,86
158,31,149,86
146,28,152,92
149,31,147,88
147,33,148,86
145,30,149,90
143,33,148,90
151,31,149,91
143,31,145,92
136,12,158,109
137,11,153,110
135,9,153,112
136,10,145,112
138,33,136,94
137,36,137,91
137,34,135,93
134,34,134,94
131,35,136,93
130,38,131,92
132,39,131,91
131,40,126,91
130,43,125,91
129,45,125,89
141,43,121,86
130,46,120,91
131,48,117,90
131,48,117,91
132,47,116,95
134,47,113,96
135,51,110,94
135,53,111,91
133,56,112,90
136,57,109,90
137,54,110,96
140,52,107,99
140,56,109,96
141,57,109,99
142,60,107,97
143,59,109,100
145,57,111,104
145,64,112,99
146,60,114,102
148,65,114,100
151,61,116,104
150,67,118,101
152,67,119,102
152,72,121,99
153,71,123,102
156,74,125,104
158,75,125,104
158,79,126,101
160,81,129,100
159,79,132,105
162,80,131,105
165,83,134,106
165,85,135,106
167,86,135,106
168,86,139,109
170,87,138,110
173,91,136,108
174,90,140,111
176,93,142,113
178,95,141,111
180,93,143,119
178,98,147,114
180,101,147,113
183,106,148,112
184,106,148,114
187,107,147,115
188,112,149,117
189,112,148,118
191,114,149,117
191,117,153,119
194,120,151,120
192,122,156,121
200,125,151,121
199,126,155,124
201,128,152,124
202,129,156,126
203,131,157,127
205,137,158,125
206,139,158,126
208,142,161,130
206,142,168,133
209,142,166,136
209,149,172,133
217,149,160,133
214,151,165,138
225,153,170,142
216,151,169,153
220,162,169,147
219,165,173,147
221,163,172,152
222,174,172,151
221,168,177,161
226,183,171,147
224,184,177,158
224,189,179,161
225,191,177,163
224,193,183,169
227,198,182,171
227,198,184,177
229,205,189,182
230,210,188,179
230,210,192,188
228,214,195,185
