189,248,13,28
189,248,13,28
189,248,13,28
189,248,13,28
189,248,13,28
189,248,13,28
189,248,13,28
189,248,13,28
189,248,13,28
189,248,13,28
189,248,13,28
189,248,13,29
189,248,13,28
189,248,13,28
189,248,13,28
189,248,13,28
189,248,13,28
189,248,13,28
189,248,13,28
189,246,13,29
189,249,14,29
189,249,14,29
189,249,14,29
189,250,14,29
189,250,14,29
189,251,14,29
189,251,14,29
189,252,14,29
189,252,14,29
189,247,13,29
189,248,14,29
189,247,13,29
188,247,13,28
189,247,13,28
189,247,13,28
189,248,13,28
189,247,13,28
189,247,13,29
188,247,13,28
188,247,13,28
188,247,14,29
188,247,14,29
188,247,13,28
188,247,14,29
188,247,13,28
188,247,13,28
188,247,13,28
188,247,14,29
188,247,13,28
189,247,13,29
189,248,13,28
188,247,13,28
188,247,13,28
189,247,13,28
188,247,13,28
189,247,13,28
189,247,13,28
189,247,13,28
188,247,13,28
189,247,13,28
188,247,13,28
189,247,13,28
188,247,13,28
189,247,13,28
189,247,13,28
188,247,13,28
189,247,13,29
188,247,13,28
188,247,13,28
188,247,13,28
189,247,13,28
189,247,13,28
189,247,13,29
188,247,13,28
189,247,13,28
189,247,13,28
189,247,13,28
188,247,13,28
188,247,13,28
189,247,13,28
189,247,13,28
188,247,13,28
189,247,13,28
188,247,13,28
188,247,13,28
188,247,13,28
189,247,13,28
188,247,13,28
188,247,13,28
188,247,13,28
188,247,13,28
188,247,13,28
188,247,13,28
189,247,13,29
188,247,13,28
188,247,13,28
188,247,13,28
189,248,13,28
189,248,13,28
188,247,13,28
188,247,13,28
188,247,13,29
188,247,13,28
188,247,13,28
187,247,13,28
187,247,13,28
188,247,14,29
188,246,14,29
188,246,14,30
188,246,14,29
188,245,14,29
188,245,14,29
188,245,14,29
191,247,14,30
191,247,14,29
190,247,14,29
190,246,14,29
191,247,13,28
190,247,13,28
190,247,13,28
189,247,13,28
189,247,13,28
189,247,13,28
189,247,13,28
189,248,13,28
189,247,13,28
188,247,13,28
188,247,14,29
188,247,13,28
188,247,13,29
188,247,13,28
188,247,13,28
188,247,13,29
189,247,14,29
189,247,14,29
189,247,14,29
190,247,14,29
188,247,14,29
188,246,14,30
187,246,14,30
187,245,14,30
187,245,14,30
188,248,13,29
188,248,13,28
188,249,13,28
188,249,13,28
188,249,13,28
188,249,13,28
182,248,13,29
182,248,13,28
181,247,13,29
180,248,13,28
180,248,13,28
180,249,13,27
180,249,13,28
180,249,13,27
178,250,13,27
178,250,12,26
177,249,13,27
177,250,12,26
176,250,13,27
176,251,12,26
176,252,12,26
175,252,12,26
174,251,12,26
173,251,13,27
174,251,12,26
173,252,12,27
173,253,12,26
175,253,12,26
175,255,12,26
175,255,12,26
175,255,12,26
175,254,12,26
175,254,12,26
175,253,12,27
175,253,13,28
189,247,13,28
189,247,13,29
188,247,13,29
188,247,13,29
188,247,13,29
189,247,14,29
189,247,13,29
189,247,13,28
189,247,13,28
189,247,13,28
189,247,13,29
188,247,13,29
188,247,13,29
189,247,13,28
189,247,13,29
189,247,13,28
188,247,13,28
189,247,13,29
189,247,13,29
189,247,13,29
189,247,13,29
189,247,13,28
189,247,13,29
188,247,13,29
188,247,13,29
188,247,13,29
188,247,13,29
188,247,13,29
188,247,13,29
189,248,13,28
188,247,13,29
188,247,13,29
188,247,13,29
188,247,13,28
188,247,13,29
189,247,13,29
188,247,13,28
188,247,13,28
188,247,13,29
188,247,13,28
188,247,13,29
188,247,13,29
188,247,13,29
189,247,13,29
189,247,13,29
189,247,13,29
188,247,13,28
188,247,13,28
188,247,13,29
188,247,13,29
189,247,13,29
188,247,13,29
188,247,13,29
188,247,13,29
188,247,13,29
188,247,13,29
188,247,13,29
188,247,13,29
189,247,13,28
188,247,13,29
188,246,13,29
187,247,13,29
187,247,13,28
187,247,13,29
187,247,13,29
185,247,13,29
185,247,13,29
184,247,13,29
184,248,13,29
182,248,14,29
182,248,14,30
181,247,14,31
181,248,14,31
180,249,14,30
180,249,14,29
179,249,14,29
178,249,13,29
178,249,13,28
178,248,13,28
178,248,13,27
178,249,13,27
177,248,13,27
177,248,13,27
177,248,13,27
177,248,13,27
177,247,13,27
176,247,13,27
176,247,13,27
176,247,13,27
176,247,13,27
176,247,13,27
175,246,13,27
175,246,13,27
175,246,13,27
175,246,13,27
174,246,13,27
188,247,13,27
189,248,13,27
189,248,13,27
190,248,13,27
188,248,13,27
189,248,13,27
189,247,13,27
189,248,13,28
188,247,13,29
188,247,13,28
188,247,13,29
188,247,13,29
188,247,13,28
188,247,13,29
188,247,13,29
188,247,13,29
188,247,13,29
188,247,13,29
188,247,13,29
189,247,13,29
188,247,13,29
188,247,13,28
189,248,13,28
188,247,13,29
188,247,13,29
188,247,13,29
189,247,13,29
188,247,13,29
188,247,13,29
188,247,13,29
188,247,13,29
188,247,13,28
188,247,13,29
188,247,13,29
188,247,13,29
188,247,13,29
188,247,13,29
188,247,13,29
188,247,13,29
188,247,13,29
188,247,13,29
188,247,13,29
189,247,13,29
188,247,13,29
189,247,13,29
188,247,13,29
189,247,13,29
188,247,13,29
188,247,13,29
189,247,13,29
188,247,13,29
189,247,13,29
188,247,13,29
188,247,13,29
189,247,13,29
188,247,13,29
188,247,13,29
188,247,13,29
189,247,13,29
188,247,13,29
188,247,13,29
188,247,13,29
188,247,13,29
188,247,13,29
188,247,13,29
188,247,13,29
188,247,13,29
188,247,13,29
188,247,13,29
188,247,13,29
188,247,13,29
188,247,13,29
188,247,13,29
188,247,13,29
188,247,13,29
188,247,13,29
188,247,13,29
188,247,13,29
188,247,13,29
188,247,13,29
188,248,13,29
188,247,13,29
188,247,13,29
188,247,13,28
188,247,13,29
188,247,13,29
188,247,13,29
188,247,13,29
188,247,13,29
188,247,13,29
188,247,13,29
189,247,13,29
189,247,13,29
188,247,13,29
189,247,13,29
188,247,13,29
188,247,13,28
188,247,13,29
189,247,13,29
189,247,13,29
189,247,13,29
189,247,13,29
189,247,13,29
189,247,13,28
189,247,13,29
188,247,13,29
189,247,13,29
189,247,13,29
189,247,13,29
188,247,13,29
188,247,13,29
188,247,13,29
188,247,13,29
188,247,13,29
188,247,13,29
188,247,13,29
188,247,13,28
188,247,13,29
188,247,13,29
188,247,13,29
188,247,13,29
188,247,13,29
188,247,13,29
188,247,13,29
188,247,13,29
188,247,13,29
188,247,13,29
188,247,13,29
189,247,13,29
188,247,13,29
189,247,13,29
189,247,13,29
188,247,13,29
188,247,13,29
188,247,13,29
188,247,13,29
188,247,13,29
189,247,13,29
188,247,13,29
188,247,13,29
188,247,13,29
189,247,13,29
189,247,13,29
188,247,13,29
188,247,13,29
188,247,13,29
188,247,13,29
188,247,13,29
188,247,13,29
188,247,13,29
188,247,13,29
188,247,13,29
188,247,13,29
188,247,13,29
188,247,13,29
188,247,13,29
188,247,13,29
188,247,13,29
188,247,13,29
188,247,13,29
188,247,13,29
188,247,13,29
189,247,13,29
189,247,13,29
189,247,13,29
188,247,13,29
189,247,13,29
188,247,13,29
189,247,13,29
189,247,13,29
188,247,13,29
189,247,13,29
188,247,13,29
188,247,13,29
188,247,13,29
188,247,13,29
188,247,13,29
188,247,14,29
188,247,13,29
189,247,13,29
188,247,13,29
188,247,13,29
188,247,13,29
188,247,14,29
188,247,13,29
189,247,13,29
188,246,14,30
188,247,13,29
189,247,13,29
189,247,13,29
189,247,13,29
189,247,13,29
188,247,13,29
188,247,14,29
188,247,13,29
189,247,13,29
189,247,13,29
188,247,13,29
189,247,13,29
189,247,13,29
189,247,13,29
189,247,13,29
189,247,13,29
189,247,13,29
189,247,13,29
189,247,13,29
189,247,13,29
188,247,13,29
189,247,13,29
189,247,13,29
188,247,13,29
189,247,13,29
189,247,13,29
189,247,13,29
189,247,13,29
189,247,13,29
189,247,13,29
188,247,13,29
188,247,13,29
188,247,13,29
188,247,13,29
189,247,13,29
189,247,13,29
188,247,13,29
188,247,13,29
188,247,13,29
189,247,13,29
188,247,13,29
188,247,13,29
188,247,13,29
189,247,13,29
189,247,13,29
188,247,13,29
189,247,13,29
188,247,13,29
188,247,13,29
189,247,13,29
189,247,13,29
188,247,13,29
189,247,13,29
188,247,13,29
189,247,13,29
188,247,13,29
189,247,13,29
188,247,13,29
188,247,13,29
189,247,13,29
188,247,13,29
188,247,13,29
188,247,13,29
188,247,13,29
188,247,13,29
188,247,13,29
188,247,13,29
188,247,13,29
188,247,13,29
188,247,13,29
189,247,13,29
188,247,13,29
188,247,13,29
189,247,13,29
188,247,13,29
188,247,13,29
188,247,13,29
188,247,13,29
188,247,13,29
189,247,13,29
188,247,13,29
189,247,13,29
189,247,13,29
189,247,13,29
189,247,13,29
188,247,13,29
188,247,13,29
188,247,13,29
189,247,13,29
189,247,13,29
188,247,13,29
188,247,13,29
189,247,13,29
188,247,13,29
189,247,13,29
189,247,13,29
189,247,13,29
189,247,13,29
188,247,13,29
189,247,13,29
189,247,13,29
188,247,13,29
189,247,13,29
188,247,13,29
189,247,13,29
189,247,13,29
188,247,13,29
188,247,13,29
188,247,13,29
188,247,13,29
188,247,13,29
188,247,13,29
188,247,13,29
189,247,13,29
189,247,13,29
188,247,13,29
189,247,13,29
189,247,13,29
188,247,13,29
189,247,13,29
189,247,13,29
189,247,13,29
189,247,13,29
188,247,13,29
189,247,13,29
189,247,13,29
188,247,13,29
189,247,13,29
189,247,13,29
189,247,13,29
189,247,13,29
189,247,13,29
189,247,13,29
189,247,13,29
189,247,13,29
189,247,13,29
189,247,13,29
189,247,13,29
188,247,13,29
189,247,13,29
189,247,13,29
189,247,13,29
189,247,13,29
189,247,13,29
189,247,13,29
189,247,13,29
189,247,13,29
188,247,13,29
189,247,13,29
189,247,13,29
188,247,13,29
188,247,13,29
188,247,13,29
189,247,13,29
188,247,13,29
189,247,13,29
188,247,13,29
188,247,13,29
189,247,13,29
188,247,13,29
189,247,13,29
189,247,13,29
188,247,13,29
188,247,13,29
