590,192,27,75
590,192,27,74
590,192,27,74
590,192,27,75
590,192,27,75
590,191,27,76
590,190,27,76
590,189,27,75
590,189,27,76
590,189,27,75
590,189,27,74
589,190,27,74
588,190,27,74
587,190,26,73
587,190,25,71
587,190,25,69
586,189,25,70
586,190,25,69
585,189,25,69
585,189,25,69
584,189,25,70
584,189,25,70
583,189,25,69
583,188,25,70
582,187,25,70
581,186,26,71
581,184,26,74
580,184,26,74
580,184,26,72
579,184,26,74
578,184,26,73
577,184,26,72
576,185,25,71
575,183,26,72
574,184,25,71
573,184,25,69
572,183,26,71
572,184,25,70
571,184,25,70
571,184,25,69
571,185,24,68
571,184,25,69
570,182,25,70
569,182,25,69
570,182,25,69
568,181,25,71
568,180,26,71
568,181,25,71
567,182,25,69
567,183,24,68
566,182,24,68
564,181,25,69
564,182,24,68
564,181,25,69
563,180,24,68
562,181,24,66
562,180,24,68
561,181,24,66
561,181,24,66
561,182,23,65
561,181,24,67
560,180,24,67
560,180,24,67
559,179,24,68
559,179,24,68
559,179,24,67
558,179,24,67
557,179,24,68
557,179,24,67
556,179,24,67
555,178,24,68
555,178,24,67
554,176,25,69
553,177,24,68
553,177,24,67
553,177,24,68
552,176,24,67
552,177,24,67
552,177,23,65
551,176,24,66
551,175,24,68
551,175,24,68
551,174,24,68
550,174,24,67
550,175,24,67
550,175,24,67
549,174,24,68
548,175,24,67
547,173,25,69
547,173,24,67
546,173,24,66
546,172,24,67
545,172,24,68
545,172,24,68
544,173,24,67
544,174,23,65
544,174,23,65
544,174,23,65
545,174,23,63
544,173,23,64
544,173,23,64
543,172,23,65
543,171,24,66
543,172,23,65
542,172,24,66
541,172,23,65
542,173,23,63
541,173,23,63
540,172,23,63
540,172,23,63
539,172,23,63
539,172,23,63
539,172,22,62
539,173,22,61
538,173,22,62
538,173,22,61
538,172,23,63
538,172,23,63
538,171,23,63
537,170,23,64
537,171,22,62
537,170,23,64
537,171,23,63
536,171,23,63
536,171,23,63
535,172,23,63
534,172,22,61
534,171,22,62
533,171,23,63
533,170,23,63
532,170,23,63
532,170,23,63
532,171,22,61
532,170,23,63
532,171,23,63
532,170,23,63
531,170,22,61
531,169,23,63
531,167,23,65
531,168,23,63
531,169,23,63
530,169,23,63
530,169,23,63
529,169,23,63
528,169,22,62
527,169,22,61
526,168,22,61
526,168,22,60
526,168,22,60
525,167,22,61
524,167,22,61
525,169,21,60
524,169,21,60
524,169,21,60
525,169,21,58
524,168,21,60
524,167,21,60
523,166,22,61
523,166,22,60
523,167,21,60
523,166,22,60
523,167,22,60
522,166,22,61
522,167,22,60
522,166,21,60
521,166,21,60
521,165,22,60
521,165,22,60
521,165,21,60
520,165,21,60
520,166,21,60
520,166,21,60
520,166,21,60
520,165,21,60
520,165,21,58
521,165,21,58
520,163,21,60
520,163,21,60
520,163,21,60
519,163,22,60
519,164,21,60
519,164,21,58
518,165,21,58
518,164,20,57
517,163,21,58
517,163,21,58
517,162,21,60
517,162,21,58
516,162,21,58
516,163,21,57
515,162,21,58
515,163,20,57
515,163,20,57
516,163,21,57
515,162,21,58
514,161,21,58
515,161,21,58
514,160,21,58
514,162,20,57
514,162,21,57
514,162,21,57
513,162,21,57
513,161,20,56
513,161,21,58
513,160,21,57
512,160,20,57
513,160,21,57
512,160,20,57
512,160,20,57
513,160,20,56
513,160,20,56
513,160,20,57
513,159,20,57
513,158,20,57
513,158,20,57
513,158,20,57
513,158,20,57
513,159,20,56
512,159,20,56
512,159,20,56
511,159,20,56
511,158,21,57
511,157,20,56
511,158,20,55
511,157,20,55
511,158,20,56
510,158,20,55
510,158,20,55
510,158,20,55
510,158,20,55
511,157,20,55
511,157,20,56
510,156,20,55
510,156,20,56
510,156,20,55
510,156,20,55
510,157,19,53
509,157,20,55
509,158,19,53
508,156,20,55
508,156,20,55
508,155,20,56
508,155,20,56
508,155,19,54
508,155,19,53
508,156,19,52
507,155,19,53
508,156,19,52
508,155,19,52
507,154,19,53
507,154,19,54
507,153,19,53
507,153,19,53
506,153,20,55
506,153,19,53
506,153,19,53
505,153,19,53
505,153,19,52
504,152,19,54
504,152,19,54
504,152,19,53
503,151,19,53
503,152,19,52
503,151,18,51
503,152,18,51
503,152,19,52
503,152,19,52
503,151,19,52
503,151,19,52
503,150,19,52
503,149,19,52
502,149,19,53
502,149,19,53
502,150,19,52
501,150,18,51
500,150,19,52
500,150,19,52
499,149,19,52
499,149,19,52
499,148,19,52
499,148,19,52
498,148,19,52
498,148,18,51
499,149,18,50
499,149,18,50
498,148,18,51
498,148,18,51
499,148,18,51
498,147,19,53
498,146,19,53
499,147,18,51
499,147,18,51
499,147,18,51
499,148,18,51
499,147,18,51
499,148,18,50
499,147,18,50
499,147,18,50
499,146,18,51
499,146,18,50
499,147,18,50
499,147,18,51
500,148,18,49
500,147,18,50
500,146,18,51
500,145,18,51
500,145,18,51
501,145,19,52
501,144,19,52
501,145,18,50
502,146,18,49
501,146,18,50
501,146,18,49
501,146,18,49
501,145,18,50
500,144,18,51
501,144,18,50
500,144,18,50
500,143,18,51
501,144,18,49
501,145,18,49
501,145,18,49
501,144,18,50
501,144,18,50
501,144,18,50
501,143,18,50
501,143,18,50
501,142,18,50
501,143,18,50
502,143,18,49
501,144,17,48
501,144,17,48
501,144,18,49
501,144,18,49
500,143,18,49
500,143,17,48
500,143,18,49
500,142,18,49
500,143,18,49
500,143,17,48
500,143,17,48
501,143,17,48
500,142,17,48
501,142,18,49
501,142,18,49
501,141,18,49
501,141,18,49
500,142,17,48
500,142,17,48
500,142,17,48
500,142,17,48
499,142,17,48
499,141,17,48
499,141,18,49
498,140,17,47
498,140,17,47
498,140,17,47
498,140,17,47
499,141,17,47
499,141,17,47
499,141,17,47
499,141,17,47
499,140,17,47
499,140,17,48
499,139,17,47
499,139,17,48
500,140,17,48
500,140,17,47
500,140,17,47
500,140,17,47
499,140,17,47
499,140,17,47
499,140,17,47
498,138,17,47
498,138,17,47
499,139,17,47
499,139,17,47
499,139,17,47
499,139,17,46
499,139,17,46
499,139,17,46
499,138,17,47
500,138,17,47
500,137,17,48
500,138,17,47
500,137,17,47
500,138,17,47
500,138,17,47
500,139,16,46
500,139,16,46
499,138,16,46
499,138,16,46
499,137,16,46
499,137,17,47
499,137,17,47
499,137,16,46
499,138,16,46
499,138,16,45
499,137,16,45
499,137,17,46
499,136,16,46
499,136,17,47
499,136,16,46
498,136,16,46
498,136,16,46
498,136,16,46
498,137,16,44
497,137,16,44
497,137,16,44
496,136,16,46
496,135,17,47
495,134,17,47
495,135,16,45
495,135,16,45
495,135,16,44
495,136,16,43
495,136,16,44
495,135,16,45
495,135,16,45
495,134,16,45
495,134,16,45
496,134,16,44
495,134,16,46
496,135,16,44
496,135,16,44
495,135,16,44
495,135,16,43
495,135,16,43
495,134,16,44
495,134,16,43
494,133,16,45
494,133,16,45
494,133,16,45
494,133,16,45
495,134,16,44
495,135,15,43
495,134,16,43
495,133,16,44
496,133,16,43
496,133,16,44
495,132,16,45
496,133,16,43
496,133,16,43
496,134,15,43
496,133,16,43
496,133,16,43
495,133,16,43
495,133,16,43
495,132,16,44
495,132,16,44
495,132,16,43
494,132,16,44
495,133,15,43
495,133,15,42
495,133,16,43
495,133,15,43
495,132,16,43
496,132,15,43
496,131,16,43
496,131,16,44
496,131,16,44
496,131,16,44
496,132,16,43
496,132,15,43
496,132,15,43
495,131,16,43
495,131,16,43
494,130,16,45
494,130,16,45
495,130,16,43
495,131,15,43
495,132,15,42
495,132,15,43
496,132,15,43
496,131,15,43
496,131,15,43
496,130,15,43
496,130,15,43
496,130,16,43
497,130,15,43
497,130,15,43
497,131,15,42
497,131,15,42
496,131,15,42
496,130,15,43
496,130,15,43
496,130,15,43
496,129,15,43
496,129,15,43
496,130,15,42
497,130,15,42
497,130,15,42
497,130,15,42
497,130,15,42
497,130,15,42
497,129,15,42
497,129,15,42
498,129,15,42
498,129,15,42
498,129,15,42
498,129,15,42
498,129,15,42
498,129,15,43
498,129,15,42
498,128,15,42
498,128,15,42
498,128,15,42
498,128,15,42
498,128,15,42
499,129,15,42
499,129,15,42
499,128,15,41
499,128,15,41
500,128,15,42
500,127,15,43
500,127,15,42
500,127,15,42
500,127,15,42
501,128,15,40
500,128,15,42
501,128,15,40
500,128,15,42
500,127,15,41
500,127,15,42
499,127,15,41
500,127,15,40
500,127,15,40
500,128,15,40
500,128,14,40
500,128,14,40
499,127,14,39
500,127,14,40
499,126,14,40
500,126,15,40
499,126,15,40
499,126,15,40
499,126,14,40
499,127,15,40
498,128,14,40
498,129,14,40
497,129,14,40
497,128,14,40
497,128,15,40
497,128,14,39
496,127,14,39
497,128,14,40
497,128,14,39
497,129,14,39
497,128,14,39
498,129,14,39
498,128,14,39
497,127,14,40
497,127,14,40
498,127,15,40
497,127,14,39
498,128,14,39
498,128,14,39
498,128,14,39
498,128,14,39
498,128,14,39
497,127,14,40
498,127,14,40
497,126,14,40
497,126,14,39
498,126,14,39
498,127,14,39
499,127,14,39
499,127,14,39
499,127,14,40
499,126,14,39
499,125,14,40
500,125,14,39
500,125,14,39
500,125,14,39
501,126,14,38
501,127,14,38
501,127,14,38
500,126,14,39
501,126,14,39
501,125,14,39
501,125,14,39
501,125,14,39
502,125,14,38
502,125,14,39
502,126,14,38
502,126,14,39
503,126,14,38
503,125,14,39
502,124,14,39
502,123,14,40
503,123,14,39
503,124,14,39
504,125,14,38
504,125,14,38
503,125,14,38
503,125,14,38
504,125,13,37
503,124,14,38
503,124,14,38
503,123,14,39
503,124,14,39
503,124,14,38
503,124,14,38
503,124,13,37
503,124,14,38
503,123,14,39
503,124,14,38
503,123,14,38
503,122,14,39
503,122,14,39
503,123,14,39
502,123,14,38
503,124,13,37
503,123,13,37
502,123,13,37
502,123,14,38
502,122,14,39
502,122,14,38
502,122,14,38
502,122,14,38
502,122,13,37
502,122,14,38
503,123,13,37
502,122,14,38
502,122,13,37
503,122,13,37
502,122,13,37
503,121,13,37
502,121,14,38
502,121,14,38
502,121,14,38
503,122,13,37
502,122,13,37
502,122,13,36
502,121,13,37
502,121,13,37
502,121,13,37
502,121,13,37
501,121,13,37
502,122,13,37
502,122,13,36
502,122,13,36
503,122,13,37
502,121,13,37
503,121,13,37
503,121,13,37
502,120,13,37
503,121,13,37
502,121,13,36
503,122,13,36
503,121,13,37
503,122,13,36
503,121,13,37
502,121,13,37
502,120,13,36
502,119,13,37
502,120,13,37
502,120,13,37
503,121,13,37
503,121,13,37
502,121,13,36
503,121,13,36
503,121,13,36
503,120,13,36
504,120,13,36
504,120,13,36
504,120,13,36
504,120,13,35
504,120,13,36
503,120,13,36
503,120,13,35
504,120,13,36
503,119,13,35
504,119,13,36
504,119,13,36
504,120,13,36
504,120,13,36
504,120,13,36
504,120,13,36
504,120,13,36
505,120,13,36
505,119,13,36
505,119,13,36
505,118,13,35
505,119,13,35
505,119,13,35
505,119,12,35
505,119,13,35
505,119,13,35
505,119,12,35
505,119,13,35
505,118,12,35
505,118,13,36
505,118,13,35
505,118,13,35
505,119,13,35
505,118,13,35
505,119,12,34
505,118,12,35
506,118,13,35
505,118,12,34
505,117,12,35
505,117,12,35
505,117,12,35
506,118,12,33
506,118,12,33
505,118,12,34
505,118,12,33
505,118,12,34
505,118,12,33
505,117,12,34
504,117,12,35
505,117,12,35
505,117,12,34
504,117,12,34
504,117,12,34
505,118,12,33
505,118,12,33
505,117,12,34
505,116,12,35
505,116,12,35
505,116,12,34
505,117,12,34
505,117,12,33
505,118,12,33
505,117,12,33
504,117,12,34
504,116,12,34
504,116,12,34
504,116,12,34
505,116,12,34
504,116,12,35
504,116,12,34
505,117,12,33
505,117,12,33
505,117,12,33
505,116,12,34
505,116,12,34
505,115,12,35
505,115,12,34
505,115,12,34
505,116,12,33
505,116,12,34
505,116,12,33
505,116,12,33
505,116,12,33
504,115,12,33
505,115,12,33
504,115,12,34
505,115,12,34
505,115,12,33
504,115,12,33
504,116,12,33
505,115,12,33
505,115,12,34
505,115,12,33
505,114,12,34
504,114,12,34
504,114,12,34
504,115,12,33
504,115,12,33
504,115,12,32
504,115,12,33
503,114,12,33
504,115,12,33
503,114,12,32
503,114,12,33
504,114,12,33
503,114,12,33
503,114,12,32
504,115,12,33
503,114,12,33
503,114,12,34
503,113,12,34
503,113,12,34
503,113,12,34
503,113,12,33
504,114,12,33
503,114,12,33
503,114,12,33
503,114,12,33
503,114,12,33
503,114,12,33
502,113,12,33
502,113,12,33
502,113,12,33
502,113,12,33
502,114,12,33
502,113,12,33
502,113,12,33
502,114,12,33
502,113,12,33
502,113,12,33
502,112,12,32
502,112,12,33
502,112,12,32
501,112,12,32
502,113,12,33
501,113,12,32
501,112,12,32
501,113,11,31
501,113,11,31
501,112,11,32
500,111,12,32
501,112,12,33
500,112,12,32
500,112,12,32
500,113,12,33
500,112,12,32
500,112,12,32
501,112,12,33
500,111,12,32
500,111,12,32
500,111,12,32
500,111,12,32
501,112,12,33
500,111,12,32
500,111,12,32
500,112,11,31
500,112,11,31
500,111,11,31
500,111,11,31
500,111,11,31
500,112,11,31
500,111,11,31
500,111,11,31
501,112,11,31
501,111,11,32
501,111,11,31
501,111,11,31
501,110,11,31
501,110,11,31
501,110,11,31
501,111,11,31
501,111,11,31
501,111,11,31
501,111,11,31
501,111,11,31
500,110,11,31
501,110,11,31
501,110,11,31
500,110,11,31
501,110,11,31
500,110,11,31
501,110,11,31
501,110,11,31
501,110,11,31
502,110,11,31
502,110,11,31
502,110,11,31
501,109,11,31
502,110,11,31
502,110,11,31
501,110,11,31
501,110,11,31
501,110,11,31
501,110,11,31
501,109,11,31
501,109,11,31
501,109,11,31
501,109,11,31
501,109,11,31
501,110,11,31
501,110,11,31
502,110,11,31
502,109,11,31
502,109,11,31
502,109,11,31
502,109,11,30
501,108,11,31
501,109,11,31
501,109,11,30
501,110,11,29
501,109,11,30
501,109,11,30
501,109,11,30
500,108,11,31
500,108,11,31
500,108,11,31
501,108,11,31
500,109,11,31
501,109,11,30
500,108,11,31
500,108,11,31
500,108,11,31
500,107,11,31
501,108,11,31
500,107,11,31
500,107,11,31
501,108,11,30
500,109,11,30
501,109,11,29
500,108,11,30
500,108,11,30
500,108,11,31
500,107,11,31
500,108,11,31
500,107,11,31
500,107,11,31
500,108,11,31
500,108,11,31
500,107,11,31
501,108,11,31
501,107,11,31
500,107,11,31
500,106,11,31
500,106,11,31
501,107,11,30
501,108,11,29
501,108,11,29
501,107,11,30
500,107,11,31
501,107,11,31
501,107,11,31
501,106,11,31
501,106,11,31
500,106,11,31
500,106,11,31
501,107,11,30
501,107,11,31
501,106,11,31
501,107,11,30
501,107,11,29
501,106,11,29
502,106,11,29
501,106,11,29
501,106,11,29
501,107,11,29
501,107,11,30
501,107,11,30
501,107,11,29
501,106,11,29
501,106,11,29
501,106,11,29
500,106,11,29
501,106,11,29
500,106,11,29
501,107,11,29
501,106,11,29
501,106,11,29
501,106,11,29
501,106,11,29
501,105,11,29
501,105,11,29
501,105,11,29
501,106,11,29
500,106,11,29
500,106,11,29
500,106,11,29
500,105,11,29
499,105,11,29
499,105,11,29
499,105,11,29
499,105,11,29
499,105,11,29
499,106,11,29
499,105,11,29
499,105,11,29
499,105,11,29
499,105,11,29
499,105,11,29
499,105,11,29
499,104,11,29
499,105,11,29
499,105,10,29
499,105,10,28
499,105,10,28
499,105,10,29
499,105,11,29
499,104,11,29
499,104,11,29
499,104,11,29
499,105,11,29
499,105,10,29
499,105,11,29
499,105,11,29
499,105,11,29
499,104,11,29
499,104,11,29
499,104,11,29
499,104,11,29
499,104,11,29
499,104,11,29
499,104,10,29
499,104,10,29
498,104,11,29
498,104,11,29
498,104,11,29
498,103,10,29
498,103,11,29
498,104,11,29
498,104,11,29
498,104,11,29
498,104,10,29
498,104,10,28
498,104,10,28
499,103,10,29
499,103,11,29
498,103,11,29
498,103,11,29
498,103,11,29
498,103,10,29
498,104,10,28
498,104,10,28
498,104,10,28
498,103,10,28
498,103,10,28
498,103,10,28
498,103,10,27
498,103,10,28
498,103,10,29
498,103,10,28
498,104,10,27
498,104,10,27
498,103,10,28
498,103,10,28
498,103,10,28
498,103,10,27
498,103,10,28
498,103,10,28
498,103,10,28
498,103,10,27
498,103,10,27
498,103,10,27
498,103,10,27
498,103,10,27
498,103,10,27
498,103,10,27
497,102,10,28
498,102,10,28
498,103,10,27
498,103,10,27
499,103,10,27
498,102,10,28
498,102,10,27
498,102,10,28
498,102,10,27
498,102,10,27
498,103,10,27
498,103,10,27
498,102,10,27
498,102,10,27
498,102,10,27
497,101,10,28
498,102,10,27
498,102,10,27
498,102,10,27
498,102,10,27
498,102,10,27
498,102,10,27
498,102,10,27
498,102,10,27
498,101,10,28
498,101,10,27
498,102,10,27
498,102,10,27
498,102,10,27
497,102,9,26
497,102,10,27
497,101,10,27
497,101,10,28
497,101,10,27
497,102,10,27
497,102,10,27
497,102,10,27
497,102,10,27
497,102,10,27
497,102,10,27
497,101,10,27
497,101,10,27
497,101,10,27
497,101,10,27
497,101,10,27
497,101,10,27
496,101,10,27
497,102,10,27
496,102,9,26
496,101,10,27
496,101,10,27
496,101,10,27
496,101,10,27
496,101,10,27
496,101,10,27
496,101,10,27
496,101,10,27
496,101,10,27
496,101,10,27
496,100,10,27
496,100,10,27
496,100,10,27
496,100,10,27
496,101,10,27
496,101,10,27
496,101,9,26
495,101,10,27
495,101,10,27
495,100,10,27
495,100,10,27
495,100,9,26
495,100,10,27
495,100,10,27
495,101,10,27
495,101,10,27
495,101,10,27
495,100,10,27
495,100,10,27
495,100,10,27
495,100,10,27
495,100,10,27
495,100,9,26
495,100,9,26
495,100,9,26
495,100,10,27
494,100,10,27
494,100,9,26
494,100,10,27
494,100,10,27
494,100,10,27
494,100,10,27
494,100,10,27
494,100,10,27
494,100,10,27
494,100,10,27
494,100,10,27
494,100,10,27
494,99,10,27
494,99,10,27
494,99,9,26
494,99,9,26
494,100,9,26
494,100,9,26
494,100,9,26
493,100,9,26
493,99,10,27
493,99,9,26
493,99,9,26
493,99,9,26
493,99,10,27
493,100,9,26
493,100,9,26
493,100,9,26
493,99,10,27
493,99,10,27
493,99,10,27
493,99,9,26
494,99,9,26
493,99,9,26
493,99,10,27
493,99,9,26
493,99,9,26
493,99,9,26
493,99,10,27
493,99,10,27
493,99,9,26
493,99,9,26
493,99,9,26
493,99,9,26
493,99,9,26
493,99,9,26
493,99,10,27
493,99,9,26
494,99,10,27
494,99,9,26
494,98,9,26
494,98,10,27
494,99,9,26
494,99,9,26
494,99,9,25
493,99,9,26
493,99,9,25
493,99,9,26
493,98,10,27
493,98,10,27
493,98,9,26
493,99,9,26
493,99,9,26
494,99,9,26
494,98,10,27
494,98,9,26
494,98,9,26
494,98,9,25
494,98,9,26
494,98,9,26
493,98,9,26
493,98,9,26
493,98,9,25
493,98,9,25
493,98,9,26
493,98,9,26
492,98,9,26
492,97,9,26
492,97,9,26
492,98,9,26
492,98,9,25
492,98,9,25
492,98,9,26
492,98,9,26
492,98,9,26
492,97,9,26
492,97,9,26
492,97,9,26
492,97,9,26
492,98,9,26
492,98,9,26
492,98,9,26
492,98,9,26
492,97,9,26
492,97,9,26
492,97,9,26
492,97,9,26
492,97,9,26
492,97,9,26
492,97,9,26
492,97,9,26
492,98,9,26
492,97,9,26
492,97,9,26
492,97,9,26
492,97,9,26
492,97,10,27
492,97,9,26
492,97,9,26
492,97,9,26
492,97,9,26
492,97,9,26
492,97,9,26
492,96,10,27
492,96,10,27
492,96,10,27
492,97,10,27
493,97,9,26
493,97,9,26
493,97,9,26
493,97,9,26
493,97,9,26
493,96,10,27
493,96,10,27
493,96,10,27
493,96,10,27
493,96,9,26
493,97,9,25
493,97,9,26
493,97,9,26
493,96,9,26
493,96,9,26
493,96,10,27
493,96,9,26
493,96,9,26
493,96,9,26
493,96,9,26
493,96,9,26
494,97,9,25
494,96,9,26
494,96,9,26
494,96,9,26
494,95,9,26
494,96,9,25
494,96,9,24
494,96,9,24
494,96,9,24
494,96,9,25
494,96,9,24
494,96,9,24
494,96,9,24
494,96,9,25
494,96,9,26
494,96,9,25
494,96,9,24
494,96,9,24
494,96,9,24
495,96,9,24
495,96,9,25
495,95,9,25
495,95,9,24
495,95,9,24
495,95,9,24
495,95,9,24
