36,213,41,104
38,212,41,104
41,212,41,105
43,210,42,107
45,209,41,104
49,208,40,101
52,207,40,101
56,207,40,101
58,208,40,101
61,208,40,101
63,208,40,101
65,207,40,101
68,207,39,98
70,205,39,98
71,202,40,101
75,201,40,102
79,201,40,102
83,202,39,99
85,202,40,101
89,202,40,101
92,203,39,98
94,201,39,99
97,199,39,98
99,198,39,99
102,197,39,98
105,197,39,98
108,197,37,95
110,197,38,97
113,197,38,97
115,197,37,95
119,196,37,94
121,196,37,93
124,194,36,92
126,193,37,93
129,192,38,96
129,191,39,98
133,191,39,98
136,192,39,98
139,192,37,95
142,190,37,95
145,188,37,95
148,188,37,93
151,187,37,93
152,186,37,95
156,187,37,93
158,188,37,93
161,188,37,93
162,187,37,94
165,187,37,93
167,186,36,92
170,185,36,91
172,183,36,91
175,183,36,92
176,181,37,95
179,181,37,95
181,182,37,93
184,182,37,95
188,183,37,93
190,183,36,92
192,181,36,91
195,180,36,90
195,178,37,93
198,178,36,92
200,177,37,93
203,178,36,90
205,179,36,90
206,179,35,89
207,178,35,89
209,176,35,89
210,175,35,89
212,174,36,90
214,174,35,88
217,173,35,90
218,173,35,89
220,175,35,90
223,174,35,90
225,174,35,90
227,173,35,90
228,171,35,89
230,169,35,90
230,168,36,90
233,168,36,90
234,168,35,89
235,168,35,89
237,168,35,88
240,169,34,86
241,169,34,86
243,167,34,86
244,166,34,86
244,163,35,88
247,164,34,87
248,163,35,89
250,164,34,87
251,164,35,88
253,164,35,88
256,165,34,86
258,165,34,85
259,162,34,87
261,162,34,85
263,161,34,85
264,160,34,87
266,161,34,85
267,161,34,86
269,162,34,85
271,162,33,83
272,161,33,83
273,159,34,85
275,158,33,83
277,158,32,82
278,156,33,84
280,157,33,83
284,159,32,80
284,157,33,83
286,157,34,85
287,157,33,84
291,156,33,84
295,155,32,82
296,154,32,81
297,152,33,83
301,154,32,80
300,152,33,83
303,153,33,83
305,155,32,80
307,154,32,80
308,153,32,80
310,153,32,80
311,152,32,80
313,150,32,81
313,149,32,81
314,148,33,84
317,149,33,83
319,150,32,81
320,150,32,82
323,150,32,80
324,148,32,81
326,148,32,80
327,146,32,81
327,145,33,83
329,144,32,82
330,145,32,80
332,145,32,81
333,145,32,80
333,144,32,81
335,144,31,79
336,144,31,78
337,142,31,78
337,141,32,80
339,141,32,80
340,141,32,80
341,142,32,80
343,142,31,79
344,142,32,80
346,141,32,80
347,140,31,79
348,139,32,80
350,139,31,78
351,138,31,79
353,138,31,79
354,139,30,77
355,139,30,76
357,139,30,76
357,139,30,76
358,138,30,76
359,137,30,76
360,137,30,75
361,134,30,77
363,135,30,76
363,135,30,77
365,136,30,76
366,135,30,77
368,136,30,75
368,135,30,76
370,133,30,77
372,133,30,76
372,130,31,78
373,130,31,78
374,131,30,76
375,132,30,76
376,131,30,76
377,131,30,76
379,131,29,73
380,131,30,75
381,129,30,75
381,128,30,75
382,128,30,75
383,128,30,75
384,128,30,75
385,129,29,74
386,129,29,73
388,129,29,73
390,129,29,73
390,127,29,73
392,125,29,74
393,125,29,73
394,126,29,73
395,126,29,73
396,127,28,72
397,127,28,71
397,127,28,71
398,125,29,73
399,126,28,71
400,125,28,71
401,123,29,73
401,123,29,73
402,123,28,71
403,124,28,71
405,124,28,71
405,123,28,72
407,124,28,70
408,123,27,69
408,121,28,71
408,120,29,73
409,120,29,73
410,120,28,71
410,120,28,71
410,120,29,73
411,121,28,71
411,121,28,71
411,120,28,70
411,119,28,71
412,119,28,70
412,117,28,71
412,117,28,72
413,117,28,71
413,118,28,71
414,118,28,70
415,119,27,68
415,118,27,69
415,117,28,70
415,115,28,71
415,114,28,71
416,115,28,70
416,114,28,71
416,115,28,71
416,115,28,70
416,116,27,68
416,115,27,68
416,115,27,68
416,114,27,68
416,113,27,68
416,112,27,69
417,112,27,68
417,112,27,69
417,112,27,68
418,113,26,66
419,114,26,66
420,113,27,68
420,112,27,68
420,111,27,68
420,110,26,66
421,110,27,68
421,111,26,66
421,110,26,67
421,111,26,67
421,111,26,67
422,110,26,67
421,109,26,67
421,109,26,66
422,108,26,67
422,107,27,68
423,108,26,67
423,108,26,65
424,109,25,64
425,108,26,65
426,109,26,65
428,110,25,63
427,107,26,65
429,108,25,63
428,105,26,65
430,107,25,63
430,107,25,64
431,108,25,63
431,107,25,64
432,108,25,63
431,106,25,65
432,106,25,64
432,105,25,64
434,105,25,63
435,105,24,62
434,104,25,64
435,104,25,64
437,106,24,62
438,106,25,63
439,106,25,63
440,106,24,61
440,104,25,63
440,103,25,63
441,103,24,62
442,103,25,63
442,104,24,61
442,104,24,62
443,104,24,61
443,104,24,61
443,103,24,61
443,103,24,61
444,101,24,61
444,100,24,62
445,100,24,62
445,100,24,61
445,100,25,63
447,102,24,61
448,103,23,59
448,101,24,60
448,100,24,62
450,100,24,60
450,98,24,62
450,98,25,63
451,98,24,61
452,99,24,60
452,99,24,61
453,100,23,60
453,100,23,58
453,99,23,59
454,98,23,58
453,97,24,60
454,97,23,58
455,97,23,59
455,97,23,60
456,98,23,58
456,98,23,59
458,98,23,59
459,98,23,57
459,96,23,59
459,96,23,59
459,95,23,59
460,95,23,59
460,95,23,57
461,95,23,58
461,96,22,57
461,96,23,58
461,94,23,59
462,94,23,58
462,93,23,58
462,93,23,57
462,92,23,59
462,92,23,59
462,93,23,59
463,93,23,57
463,93,23,58
464,93,23,58
464,92,23,59
465,92,23,58
465,91,23,59
465,91,23,58
465,90,23,58
465,90,23,58
466,91,23,58
466,91,23,59
466,91,23,58
466,90,22,57
467,90,22,56
467,90,22,55
467,89,22,56
467,89,22,56
467,89,22,56
467,89,22,56
467,89,22,57
469,90,22,55
469,89,22,55
469,88,22,57
469,87,23,58
469,86,23,58
470,86,23,58
470,86,23,58
470,86,23,57
470,86,23,58
471,86,23,57
471,87,22,56
472,87,22,55
472,86,21,54
472,85,22,55
473,85,22,55
473,85,22,55
473,85,22,56
474,85,22,55
475,85,22,55
475,84,22,55
476,84,22,55
476,83,22,56
477,83,22,55
477,83,22,55
478,83,21,53
478,83,21,53
479,83,21,53
480,84,21,53
480,84,21,53
481,83,21,53
481,82,21,53
481,81,21,54
482,81,21,53
482,81,21,54
483,82,21,53
483,82,21,53
484,82,21,53
485,82,21,53
486,82,21,53
486,82,21,53
486,80,21,53
486,79,22,55
487,79,21,53
487,79,21,53
488,80,21,53
488,80,21,53
489,80,21,53
489,80,21,53
490,80,20,51
490,79,20,51
490,78,20,52
490,78,21,53
491,78,21,53
491,77,21,53
491,78,21,53
491,78,20,51
493,79,20,51
494,78,20,51
494,78,20,51
494,77,20,52
495,76,20,52
496,77,20,51
496,77,20,51
497,78,20,51
497,78,20,51
497,78,19,49
497,77,20,51
497,76,20,51
497,76,20,51
497,76,19,49
497,75,20,51
497,75,20,51
497,76,20,51
498,76,20,51
498,75,20,51
498,75,20,51
498,75,20,51
498,74,20,52
499,73,21,53
499,73,20,51
499,73,20,51
498,73,20,52
498,73,20,52
498,74,20,50
498,74,19,49
498,74,19,49
498,73,19,49
498,73,19,49
498,72,19,49
498,73,19,49
497,73,19,49
497,73,19,48
497,74,19,48
497,73,19,48
497,72,19,49
497,72,19,49
498,72,19,49
497,71,20,51
497,71,20,50
497,71,20,51
497,72,19,49
497,72,19,49
497,71,20,51
497,71,20,50
497,71,19,49
497,70,19,48
497,70,19,48
497,69,19,49
497,69,19,48
497,69,19,48
498,69,19,49
498,69,19,49
498,68,20,50
499,68,19,49
500,68,20,50
500,68,20,50
500,67,20,50
500,67,19,48
501,67,19,49
501,68,19,48
501,68,19,48
502,68,18,46
502,68,18,46
503,68,18,46
503,67,18,46
504,67,18,46
503,66,19,48
504,66,19,48
504,66,19,48
504,66,19,48
505,65,19,49
506,65,19,48
506,65,19,48
507,64,20,50
507,64,19,49
507,64,20,50
507,64,19,49
508,65,19,48
508,65,18,46
508,65,18,46
509,65,18,46
510,65,18,46
510,63,18,46
509,63,19,48
510,63,18,46
510,63,19,48
510,63,19,48
510,64,18,46
510,62,19,48
510,62,19,48
510,62,19,48
510,62,19,48
510,62,19,48
510,62,19,48
509,62,19,48
509,62,18,46
509,61,19,48
509,62,18,46
509,61,18,46
508,60,18,46
508,60,18,46
508,61,18,46
506,60,18,46
505,59,18,46
505,58,17,44
504,57,18,46
504,58,18,46
504,58,18,46
503,58,18,46
503,58,18,46
503,57,18,46
503,57,18,46
503,57,18,46
503,56,18,46
503,57,18,46
502,57,18,45
502,57,18,45
501,57,18,45
502,57,17,44
502,56,17,43
501,56,17,44
501,55,17,44
500,55,18,45
501,55,18,45
501,55,18,45
501,56,18,45
501,56,18,45
501,55,17,44
501,55,18,45
501,54,18,46
501,54,18,46
501,54,18,46
501,54,18,46
501,54,18,45
501,54,17,44
501,55,17,43
501,55,17,43
500,54,17,43
501,54,17,43
501,54,17,43
500,53,17,44
500,53,17,44
500,53,18,46
500,53,17,44
499,53,17,44
500,53,17,44
500,53,17,43
500,54,17,43
499,53,17,43
499,52,18,45
499,52,18,45
499,52,17,43
498,52,18,45
498,53,17,44
498,53,17,44
497,53,17,43
497,53,17,43
497,53,17,43
497,52,17,43
496,52,17,43
496,51,17,44
495,51,17,44
496,52,17,43
495,51,17,44
495,52,17,42
496,52,17,42
495,51,16,42
495,51,17,43
494,50,17,44
495,51,17,43
494,50,17,44
494,51,17,43
493,52,17,42
492,51,17,42
491,50,17,43
491,49,17,42
491,49,17,43
491,49,17,42
491,49,16,42
490,49,16,42
490,49,17,42
490,50,16,42
490,49,16,42
490,50,16,41
489,49,17,42
488,47,17,43
489,48,17,43
488,48,17,42
488,48,17,43
488,49,17,42
487,49,17,43
487,48,17,43
487,48,17,42
487,49,16,41
486,48,16,41
486,48,16,41
485,47,17,42
485,48,17,42
485,48,16,41
485,48,16,41
484,47,16,42
484,47,16,41
484,47,16,41
484,46,17,42
483,46,17,42
483,47,16,41
484,48,16,40
483,48,16,41
483,48,16,41
483,47,16,41
482,47,16,40
482,46,16,40
482,46,16,41
482,46,16,41
483,47,16,40
483,47,16,41
482,46,16,42
482,46,16,40
483,46,16,41
484,46,16,41
483,45,16,41
484,46,16,40
483,45,16,40
483,45,16,41
483,46,16,41
483,46,16,41
484,46,16,40
483,45,15,39
483,45,15,39
483,45,16,40
484,44,16,40
483,45,16,40
483,44,16,40
483,45,16,40
484,45,16,40
483,44,16,40
484,44,16,41
484,44,16,41
484,44,16,41
484,44,16,40
483,43,16,40
483,44,16,40
482,44,16,40
483,44,15,39
483,44,15,38
482,43,15,39
482,43,15,39
481,42,16,40
481,42,16,40
482,43,16,40
481,43,15,39
482,43,15,39
481,43,15,39
481,43,15,39
481,43,15,38
481,42,15,39
480,42,15,39
481,43,15,38
480,43,15,39
480,43,15,39
480,42,15,39
479,43,15,38
479,42,15,38
479,42,15,38
479,42,15,38
479,42,15,38
479,42,15,38
478,42,15,38
478,43,15,38
478,42,15,38
478,42,15,38
478,42,15,38
477,41,15,39
478,41,15,38
477,41,15,38
477,41,15,38
477,42,15,38
477,42,15,38
476,41,15,39
477,41,15,38
477,41,15,37
476,40,15,38
476,40,15,38
475,40,15,37
475,40,15,38
475,40,15,38
475,40,15,38
475,41,14,37
475,41,14,37
475,40,15,37
474,39,15,38
474,39,15,38
475,39,15,37
474,39,15,37
474,40,15,37
474,40,14,37
474,40,14,36
474,40,15,37
473,39,15,37
473,39,15,37
473,38,15,37
473,38,15,38
473,38,15,37
473,38,15,37
474,39,14,37
474,39,14,37
473,39,15,37
474,38,15,37
473,38,15,37
473,37,15,37
473,37,14,37
474,38,14,37
474,38,14,37
473,38,14,37
473,38,14,36
473,38,14,37
473,38,14,37
473,38,14,37
473,37,15,37
473,37,14,37
473,37,14,36
473,37,14,37
473,37,14,37
473,38,14,37
473,38,14,36
473,38,14,37
473,37,15,37
473,37,14,36
473,36,14,37
473,36,14,36
473,37,14,36
473,36,14,37
472,36,15,37
472,37,14,37
472,37,14,36
472,37,14,35
472,37,14,35
472,36,14,36
471,36,14,36
471,36,14,36
471,36,14,36
472,37,14,35
471,36,14,36
472,37,14,35
471,36,14,36
471,36,14,37
471,35,14,37
471,35,14,37
472,35,14,36
471,35,14,36
472,36,14,35
471,36,14,36
471,36,14,35
471,36,14,34
471,36,14,34
470,35,14,34
471,35,14,34
470,34,14,35
470,35,14,34
470,35,14,36
470,35,14,35
470,35,14,35
470,35,14,35
469,35,14,36
470,35,14,35
470,34,14,35
470,34,14,35
469,34,14,35
470,35,14,34
469,34,14,34
469,34,14,35
469,35,14,34
469,35,13,34
469,34,13,34
468,34,14,34
468,33,14,34
467,33,14,34
468,33,14,34
467,33,14,34
467,34,13,34
467,34,14,34
467,34,14,34
467,33,14,34
467,33,14,34
467,32,14,34
467,32,14,34
467,33,13,34
467,33,13,34
466,33,13,34
466,33,13,34
466,33,13,34
465,33,13,34
465,33,13,33
465,32,13,34
465,32,13,34
465,32,13,33
464,32,13,34
464,32,13,33
464,32,13,34
464,32,13,33
464,32,13,34
464,31,14,34
463,31,14,34
463,31,14,34
463,31,13,34
463,31,14,34
463,31,13,34
463,31,13,34
463,32,13,33
463,32,13,33
463,31,13,32
462,31,13,33
462,31,13,33
461,31,13,33
462,31,13,33
462,31,13,33
461,31,13,33
462,31,13,33
461,31,13,33
462,31,13,33
461,31,13,33
462,31,13,33
462,31,13,32
461,30,13,32
461,31,13,32
461,31,13,32
461,31,13,32
461,31,13,33
461,30,13,32
462,30,12,32
462,30,12,32
462,30,12,31
461,30,13,32
462,30,12,32
462,30,13,32
462,31,12,32
462,30,13,32
462,30,12,32
462,30,12,32
462,30,12,32
462,30,12,31
462,30,12,31
462,30,12,31
462,30,12,31
461,30,12,31
462,30,12,31
462,30,12,31
462,30,12,31
461,30,12,30
462,29,12,30
461,29,12,31
461,29,12,31
461,30,12,31
461,29,12,31
461,29,12,31
461,29,12,31
461,30,12,30
461,29,12,30
461,29,12,30
461,29,12,31
461,29,12,30
460,29,12,31
460,29,12,31
461,30,12,30
461,30,12,29
461,29,12,29
460,29,12,29
460,28,12,30
460,29,12,29
460,29,12,30
460,29,12,30
460,28,12,31
460,29,12,30
460,28,12,30
460,28,12,30
460,28,12,29
460,28,12,30
460,28,12,29
460,28,12,30
460,29,12,29
460,29,12,29
459,28,11,29
459,28,11,29
459,28,11,29
459,28,11,29
459,27,11,29
459,27,11,29
458,27,11,29
459,27,12,30
459,28,12,29
458,27,12,30
458,27,12,31
458,26,12,32
458,26,12,31
458,26,12,32
458,25,12,32
457,25,12,32
458,26,12,31
457,26,12,31
458,27,12,30
457,27,11,29
457,27,11,29
458,27,11,28
458,27,11,29
457,26,11,29
457,27,11,29
458,26,12,29
457,26,11,29
457,26,12,30
