302,74,36,70
302,75,36,69
302,75,36,69
302,75,36,69
302,75,36,69
302,75,36,69
302,76,36,69
302,76,36,69
303,77,35,67
303,76,36,69
303,77,36,69
303,77,36,69
304,77,36,69
304,77,36,69
304,77,36,69
305,77,35,69
306,78,35,67
306,78,35,69
307,78,35,69
307,78,36,69
307,78,36,69
307,78,36,69
308,79,35,67
308,78,34,67
308,78,34,67
308,78,35,69
308,78,36,69
308,78,35,69
308,79,35,67
308,78,35,69
308,79,34,67
308,79,34,67
308,79,34,67
308,79,34,67
308,80,34,67
308,80,35,69
308,80,35,69
308,80,36,69
309,81,35,67
309,81,35,69
309,81,36,69
309,82,35,68
309,81,35,69
309,82,35,69
292,83,34,67
276,83,35,68
252,84,35,68
233,84,36,69
216,85,37,71
194,84,38,74
196,85,37,71
195,84,37,73
195,85,37,73
195,85,37,73
195,85,37,73
195,86,37,73
195,85,38,74
195,86,38,74
195,86,38,74
195,87,37,73
176,87,39,75
155,87,39,77
155,87,40,77
156,88,39,75
156,88,39,75
145,90,37,73
122,90,38,74
110,91,39,75
111,90,39,77
112,90,39,75
111,91,39,75
111,91,38,74
111,91,37,73
111,91,38,74
110,91,38,74
109,92,39,77
109,93,38,74
109,93,38,74
109,93,38,74
109,93,38,74
109,93,39,77
109,93,40,77
109,93,40,77
109,93,40,78
109,93,40,78
109,94,40,77
110,94,40,77
110,94,40,77
110,94,40,78
110,94,40,78
95,96,41,80
63,98,40,77
48,98,40,77
49,97,40,78
49,97,41,80
49,97,41,80
49,97,41,80
49,98,41,80
50,98,41,80
50,99,41,80
49,98,42,82
50,100,41,80
50,99,42,81
51,101,41,79
51,100,41,80
52,101,41,79
52,101,41,80
53,102,40,78
53,102,40,78
53,102,40,77
54,102,40,77
54,102,40,77
55,103,40,77
55,103,40,77
55,103,40,77
56,103,40,77
56,104,40,77
56,104,40,77
56,104,40,78
55,104,40,78
56,105,40,78
55,105,40,78
56,106,41,79
56,106,41,80
57,106,41,80
57,106,41,79
57,106,41,80
57,105,43,83
58,106,41,80
58,105,43,83
58,106,42,81
58,106,43,84
58,105,43,85
58,106,43,85
58,106,43,85
58,106,44,86
59,107,43,85
59,107,43,85
59,108,43,85
58,107,45,87
59,108,44,85
59,108,44,85
59,109,44,85
59,109,44,86
59,110,43,85
59,110,43,85
59,110,44,86
58,106,45,87
60,96,43,85
59,88,44,85
58,87,45,87
59,89,43,85
58,88,45,87
59,89,43,85
58,88,45,87
58,89,45,87
59,90,44,86
59,90,44,86
59,90,44,86
58,90,44,86
58,88,45,88
58,76,44,85
58,67,44,85
58,67,44,86
57,66,46,89
58,66,46,89
58,66,46,89
58,67,46,89
58,67,46,90
58,67,46,89
58,67,47,92
59,58,46,90
58,46,45,87
59,40,46,89
59,40,46,90
59,39,48,92
59,40,47,92
60,42,47,91
60,42,47,91
60,43,47,91
60,43,47,91
60,43,46,90
59,30,46,89
58,19,46,90
60,20,48,92
61,21,47,91
61,21,47,91
61,22,47,91
61,21,48,92
60,21,48,93
59,22,49,94
59,23,49,94
59,23,49,94
59,23,48,93
59,24,48,93
58,23,49,96
59,25,49,94
58,24,49,96
59,24,49,96
59,25,49,96
59,25,49,96
59,26,49,96
59,27,50,98
60,28,49,96
59,27,50,98
60,29,49,96
60,29,51,99
61,30,50,98
61,31,50,97
61,31,49,96
61,31,50,98
62,32,51,99
61,32,50,98
62,33,51,99
62,33,51,99
62,34,51,99
62,34,51,99
62,33,52,101
63,36,50,98
63,35,52,100
63,35,52,100
65,37,51,99
66,39,50,97
65,39,50,98
66,39,51,99
66,40,51,99
67,40,50,98
67,40,50,98
68,41,51,99
68,42,51,99
68,41,53,102
67,41,53,103
68,42,52,100
69,44,51,99
69,43,52,101
70,44,52,100
70,45,52,100
71,45,52,100
71,46,52,100
73,48,51,99
73,47,53,102
73,47,53,102
74,48,52,101
74,48,53,103
74,48,54,105
74,48,55,106
77,51,54,104
76,50,54,105
79,53,53,102
79,53,53,103
78,52,55,106
79,53,55,106
80,54,54,105
80,55,54,105
81,55,54,105
81,55,55,106
82,56,55,106
82,56,55,106
83,57,55,106
83,57,55,106
83,58,55,106
84,57,56,108
84,58,56,108
86,60,55,106
86,59,56,108
86,60,56,108
87,62,55,106
87,61,56,108
88,63,55,106
89,63,55,106
88,63,56,108
90,65,54,105
90,65,55,106
91,66,55,106
92,67,55,106
93,68,55,107
93,67,56,108
94,68,57,111
95,70,55,107
96,70,55,106
96,71,55,106
97,72,55,106
97,71,56,108
97,71,57,112
99,73,56,108
98,73,57,112
99,74,56,110
100,74,57,111
100,75,57,111
101,76,57,111
102,77,57,111
101,76,59,114
102,78,59,114
102,78,58,113
103,79,59,114
103,79,58,113
103,80,59,115
103,81,59,114
102,80,60,117
103,82,59,114
103,83,59,114
102,82,60,116
102,81,62,120
101,82,62,120
101,77,61,119
102,68,59,115
100,54,61,119
100,57,61,119
100,58,61,119
99,58,63,122
100,59,61,119
100,59,61,119
100,61,61,119
100,61,62,121
100,62,62,121
101,63,62,120
101,64,61,119
102,65,60,117
103,64,61,119
103,65,61,119
104,65,61,119
104,66,61,119
105,67,62,120
105,67,63,122
104,66,65,126
104,67,66,128
106,69,65,126
106,69,66,128
106,70,67,130
107,71,65,127
107,72,66,128
107,72,66,128
107,73,67,130
108,74,67,130
108,75,67,130
109,77,65,126
110,77,65,126
110,78,65,126
110,78,65,127
110,79,66,128
111,80,66,128
111,81,67,130
111,81,67,131
112,83,66,128
112,84,65,127
112,84,67,131
112,86,66,128
111,85,68,132
111,86,68,132
112,88,67,130
111,87,68,132
111,89,68,132
111,90,68,132
111,90,70,136
111,91,69,134
110,92,70,136
110,93,72,139
110,94,71,138
110,95,70,136
110,96,70,136
110,97,71,138
109,96,73,142
110,98,72,139
109,98,74,143
109,98,74,143
109,100,73,142
109,101,73,142
110,101,73,142
111,104,72,139
112,105,72,139
112,107,72,140
111,106,74,143
111,108,73,142
112,110,73,142
113,112,72,140
113,113,73,142
115,116,71,138
114,115,73,142
115,117,73,142
115,117,74,143
117,120,72,140
116,120,74,143
116,123,76,148
116,125,76,148
115,125,77,151
114,124,79,154
115,125,78,152
115,126,78,152
115,126,79,154
116,128,80,155
116,128,79,154
117,129,79,154
118,131,78,152
119,132,79,154
121,134,80,155
121,135,79,154
123,137,81,157
125,138,81,157
125,139,82,160
125,141,82,160
126,142,83,161
129,144,81,158
129,145,82,160
130,147,82,160
131,149,82,160
132,150,85,165
133,152,84,163
134,155,86,168
135,157,85,165
136,158,85,165
136,158,86,168
137,160,86,168
139,164,84,163
140,165,85,165
141,167,85,165
142,167,85,165
142,168,85,165
141,167,86,168
143,169,86,166
143,169,86,168
143,171,86,168
144,172,86,166
144,173,86,168
144,173,86,168
144,175,86,168
145,176,87,170
145,174,87,170
144,167,89,173
146,158,87,170
146,147,90,175
147,145,87,170
147,139,87,170
147,131,87,170
146,123,89,173
146,113,89,173
146,114,88,171
145,113,91,177
145,113,92,178
146,116,89,173
145,116,91,177
146,117,91,177
146,118,91,177
146,119,94,182
147,122,92,178
148,124,92,178
148,125,91,177
149,126,91,177
148,120,94,182
151,114,92,178
150,108,95,184
150,97,95,186
152,94,93,180
151,84,94,182
153,81,92,178
153,70,94,182
152,66,95,186
154,69,94,182
154,69,95,186
155,70,95,186
156,73,95,186
157,75,95,186
158,76,95,186
159,78,97,189
160,79,96,187
161,81,96,187
162,82,95,186
164,83,96,187
165,85,96,187
166,85,97,189
166,85,99,193
166,85,100,195
168,90,98,191
169,91,100,195
171,94,99,193
173,98,97,189
174,100,95,186
176,103,95,186
177,104,95,186
178,106,95,186
178,104,98,191
178,105,100,195
181,109,97,189
181,110,97,189
180,110,100,195
182,113,99,193
182,112,101,197
183,113,101,197
183,115,101,197
183,114,102,199
184,118,100,195
185,119,101,197
184,117,104,203
185,120,102,199
186,122,102,199
187,124,102,199
187,126,102,199
188,127,102,199
187,127,104,203
188,128,105,205
188,130,106,207
188,130,110,213
189,131,110,213
191,127,108,209
191,117,108,209
190,108,111,215
191,99,111,215
191,100,111,215
192,101,111,215
192,102,113,220
192,101,115,224
191,102,118,229
193,106,116,226
193,107,118,229
194,110,115,224
195,111,116,226
195,112,118,229
196,117,115,224
195,117,118,229
196,120,118,229
198,123,115,224
201,129,112,218
202,127,111,215
203,120,111,215
204,117,111,215
204,114,111,215
205,105,111,215
206,97,111,215
207,90,111,215
207,80,113,220
206,72,116,226
206,64,116,226
207,61,115,224
207,55,118,229
208,49,115,224
208,45,116,226
209,39,115,224
210,33,116,226
210,25,116,226
211,21,116,226
212,13,116,226
212,9,116,226
213,-0,120,233
213,-11,121,236
213,-11,122,238
215,-7,122,238
216,-3,122,238
217,-0,121,236
218,1,122,238
219,3,122,238
220,6,121,236
221,7,124,240
221,9,127,248
222,11,127,248
224,12,127,248
225,15,127,248
227,18,127,248
228,19,129,250
230,24,127,248
232,26,127,248
234,29,127,248
235,30,130,253
236,32,131,255
239,38,127,248
240,39,131,255
241,40,134,260
241,39,135,263
244,45,134,260
244,44,135,263
246,39,137,266
247,36,137,266
249,34,135,263
251,27,135,263
252,21,137,266
254,16,135,263
257,16,133,258
259,17,133,258
260,20,135,263
263,24,134,260
263,25,138,268
265,29,138,268
270,36,134,260
271,39,134,260
272,41,134,260
275,47,134,260
276,49,134,260
279,53,134,260
268,50,138,268
264,58,137,266
247,56,141,274
245,60,141,274
235,67,138,268
218,64,142,276
214,73,141,274
196,71,144,279
192,78,142,276
178,81,145,282
173,89,141,274
158,88,145,282
149,90,146,285
138,94,148,288
125,93,152,296
116,103,148,288
112,109,145,282
114,112,142,276
114,115,142,276
116,119,144,279
117,121,146,285
121,129,142,276
124,132,142,276
126,135,144,279
129,139,145,282
132,144,142,276
133,141,144,279
