539,340,47,118
539,340,47,118
539,340,47,117
540,340,47,118
540,340,47,118
540,340,47,118
540,341,46,116
540,341,47,118
541,340,47,118
541,339,47,119
541,340,47,118
541,340,47,118
540,340,47,117
540,339,47,118
539,339,47,118
539,339,47,118
539,339,47,118
538,339,47,117
538,339,46,116
538,338,47,118
538,338,47,118
538,338,47,119
538,338,47,118
537,338,47,118
537,338,46,116
538,338,47,117
539,338,47,117
540,338,47,118
541,339,46,116
542,340,46,115
542,340,47,118
542,341,47,118
541,340,47,119
540,338,47,119
541,337,47,119
544,338,47,117
545,337,47,117
548,338,47,117
548,338,47,119
548,339,47,118
550,338,48,120
553,338,47,119
556,338,47,118
555,335,48,122
555,335,48,120
554,337,47,117
554,337,47,118
554,337,47,118
554,338,46,116
554,338,47,117
553,337,47,119
553,337,47,119
552,338,47,119
552,339,47,118
550,338,47,119
549,337,48,120
548,337,48,120
547,336,48,120
546,336,47,119
546,335,48,120
546,335,47,119
546,335,48,120
546,336,47,119
546,336,47,119
545,336,47,119
545,336,47,119
544,336,48,120
543,335,48,120
543,335,48,122
543,336,48,120
543,336,47,119
543,336,47,119
545,336,47,118
545,335,48,120
546,336,47,119
548,336,47,119
549,337,47,119
551,337,48,120
552,338,48,120
556,339,48,120
559,341,47,118
559,340,47,119
559,337,49,123
559,336,49,124
559,338,48,120
560,339,48,120
560,339,48,122
560,341,47,118
559,340,47,119
559,341,47,119
559,342,47,117
560,342,47,117
560,342,47,117
560,340,47,119
562,341,47,117
564,342,45,113
563,340,46,116
564,340,45,113
565,341,44,110
565,340,45,112
566,341,45,112
566,341,45,112
566,341,44,110
567,342,43,109
567,342,43,109
567,342,43,109
566,341,43,108
566,340,44,110
566,341,44,110
566,341,44,111
566,341,43,109
566,340,44,111
565,340,44,110
565,340,45,112
565,340,45,112
565,340,44,110
565,340,44,110
565,340,44,110
565,341,43,109
563,339,44,110
561,338,45,113
561,340,44,110
560,339,45,113
560,340,45,113
558,340,47,117
557,339,47,119
556,341,47,117
556,341,47,117
554,340,47,119
554,340,47,117
554,341,47,117
554,341,47,117
554,341,47,117
553,340,47,119
554,341,47,117
553,340,47,119
554,340,47,119
554,341,47,117
554,339,47,119
555,340,47,117
556,341,47,117
556,341,47,117
557,340,47,117
557,341,46,116
559,342,45,113
559,342,46,116
560,342,46,115
560,342,46,115
559,341,46,116
559,341,46,116
559,343,45,113
559,342,45,113
559,341,46,116
560,342,45,113
560,342,46,115
560,342,46,115
559,342,45,113
560,342,45,113
560,342,45,113
560,342,45,113
560,342,45,113
560,342,45,113
560,342,45,113
560,342,45,113
560,341,46,116
560,342,45,113
560,342,46,115
561,342,46,115
560,342,46,115
560,341,46,116
561,341,46,115
561,342,46,115
560,342,45,113
561,341,46,115
560,340,46,116
561,341,46,115
560,341,46,116
561,342,45,113
561,342,46,115
561,342,46,115
561,342,45,113
562,342,45,113
562,342,45,113
562,342,46,115
562,342,46,115
562,342,46,115
561,341,46,116
562,342,45,113
562,342,45,113
562,342,45,113
561,341,46,116
561,342,45,113
562,342,45,113
561,342,46,115
561,342,45,113
561,342,45,113
561,342,45,113
562,342,46,115
562,342,46,115
561,342,45,113
562,342,46,115
561,342,45,113
561,342,46,115
562,343,45,112
561,342,45,113
562,342,46,115
562,342,45,113
561,342,46,115
560,340,47,117
561,342,45,113
560,342,46,115
561,341,46,115
561,342,45,113
561,342,45,113
561,342,46,115
561,341,46,115
561,342,46,115
561,342,46,115
561,342,46,115
560,341,46,116
561,342,45,113
561,342,46,115
560,341,46,116
561,342,46,115
561,342,46,115
561,342,46,115
561,342,45,113
561,342,46,115
561,342,46,115
561,342,46,115
561,342,45,113
561,342,46,115
561,343,45,112
561,342,46,115
561,342,46,115
562,342,46,115
561,342,46,115
560,341,46,116
561,342,46,115
562,342,46,115
561,342,46,115
561,342,46,115
561,342,46,115
562,342,46,115
562,342,46,115
562,342,46,115
562,342,46,115
562,342,46,115
562,342,45,113
562,342,45,113
562,342,45,113
562,342,46,115
562,342,45,113
562,342,46,115
563,343,45,112
561,340,46,116
562,341,46,115
562,341,46,115
562,342,45,113
562,341,46,115
562,341,46,115
562,341,46,115
562,341,46,115
562,342,45,113
562,341,46,115
562,341,46,115
562,341,46,115
562,342,45,113
563,343,45,112
562,341,46,115
562,342,46,115
562,342,46,115
562,342,45,113
561,341,46,116
562,341,46,115
562,342,45,113
562,342,46,115
562,342,46,115
561,342,46,115
561,341,46,115
560,340,47,117
561,342,46,115
561,342,46,115
561,342,46,115
561,341,46,115
561,341,46,115
560,340,46,116
561,341,46,115
560,340,46,116
561,341,46,115
560,341,46,115
560,340,46,115
560,341,46,115
560,341,46,115
561,341,46,115
561,341,46,115
562,342,45,113
562,341,46,115
562,341,46,115
561,341,46,115
561,341,45,113
560,340,46,116
560,340,46,116
560,340,46,116
560,340,46,116
560,340,46,116
560,340,46,116
561,342,45,113
561,341,46,116
561,341,46,116
560,340,46,116
560,340,46,116
561,341,46,116
561,341,46,116
560,340,47,117
561,341,45,113
561,341,46,116
560,340,46,116
561,341,46,115
561,341,46,115
561,341,45,113
562,342,46,115
562,342,46,115
561,341,46,115
561,341,46,115
561,341,46,115
561,341,46,115
561,341,46,115
561,341,46,115
561,341,46,115
561,341,46,115
560,341,46,115
561,341,46,115
561,341,46,115
561,341,46,115
561,342,46,115
561,341,46,115
560,340,46,116
560,340,46,116
560,340,46,116
560,340,46,116
561,341,45,113
562,342,46,115
562,341,46,115
562,341,46,115
562,341,46,115
562,342,45,113
562,341,46,115
561,340,46,116
562,341,46,115
561,341,46,115
561,341,46,115
560,341,46,115
558,341,46,115
556,341,46,115
555,340,47,117
554,340,46,116
553,339,47,118
552,339,46,116
551,339,45,113
549,339,46,115
547,338,46,115
545,336,46,116
542,335,46,115
539,333,46,116
536,328,47,119
534,327,47,119
532,328,46,116
530,328,46,116
528,331,45,112
521,329,46,115
515,327,46,116
511,325,46,115
509,323,46,115
505,318,47,117
502,318,46,115
501,317,45,113
499,317,45,113
496,317,45,113
492,314,46,115
489,310,46,115
486,309,46,115
482,306,46,115
481,307,44,111
477,307,44,111
474,308,43,109
470,307,44,110
464,306,44,111
461,306,43,109
456,302,43,109
454,301,43,107
450,299,43,107
448,299,41,104
445,299,41,104
443,299,41,104
438,297,42,106
433,295,43,107
431,293,43,108
427,291,42,106
423,289,42,106
420,289,42,105
416,290,42,105
409,287,42,106
407,285,43,107
403,282,42,105
401,281,41,104
399,280,40,102
398,279,41,104
396,279,40,101
395,280,39,99
392,277,40,102
388,275,40,102
386,272,41,104
383,270,40,102
381,270,39,99
380,270,39,99
377,270,40,100
372,269,40,101
371,269,39,99
366,266,39,99
363,263,40,100
362,262,39,99
360,262,38,96
358,261,38,96
356,261,38,96
354,261,38,96
350,257,39,99
349,257,39,97
344,253,38,96
341,253,37,94
338,253,38,96
331,253,37,94
327,251,37,94
324,249,37,94
322,247,37,93
320,246,37,93
320,247,36,90
318,247,37,93
318,247,36,91
317,246,36,91
314,243,37,93
313,242,36,91
310,240,37,92
309,240,36,89
308,240,35,88
304,240,36,90
300,239,36,91
300,239,36,89
297,237,36,89
294,233,37,92
293,232,36,90
293,233,35,88
293,233,35,87
292,233,35,88
291,233,35,88
290,232,36,89
288,230,36,89
286,227,36,89
285,226,35,88
282,225,35,88
280,226,35,87
278,226,35,87
277,228,34,84
273,226,34,86
270,224,34,86
269,222,34,84
268,221,34,85
267,221,33,83
266,221,33,83
265,221,33,83
264,220,34,84
262,219,34,84
261,217,34,84
259,215,34,85
256,214,34,84
254,214,33,83
251,216,33,82
248,215,33,82
245,213,33,82
243,212,32,80
242,212,31,78
239,212,31,78
237,211,31,78
236,210,31,78
234,209,32,79
228,208,32,81
222,206,33,82
215,208,33,82
210,208,32,79
206,208,31,78
205,207,31,78
202,207,31,78
201,206,31,78
199,206,31,78
199,207,31,78
194,207,31,77
190,205,32,79
188,201,33,82
185,198,33,83
185,200,32,81
184,201,31,78
184,203,31,78
186,205,30,76
183,203,31,77
182,202,31,78
180,200,31,78
179,200,31,78
179,199,31,77
179,199,31,77
177,199,31,77
177,199,31,78
177,198,31,77
177,197,30,76
176,195,30,76
174,194,30,75
175,195,29,74
173,194,30,75
171,195,29,74
168,194,30,75
167,194,29,74
165,192,30,75
164,192,29,74
163,190,29,74
163,190,29,72
163,191,29,72
161,191,29,72
160,190,29,73
158,189,29,73
157,188,29,74
155,186,29,74
154,186,29,74
152,186,29,73
149,186,29,73
147,186,29,72
145,186,29,73
143,185,29,72
142,185,29,72
141,184,28,70
140,183,28,70
140,184,27,69
139,184,27,69
138,184,27,69
136,184,27,69
134,181,28,71
133,180,28,70
132,180,27,68
130,179,28,70
129,180,27,69
128,180,27,68
126,180,27,68
124,179,28,70
123,179,28,70
122,178,28,70
121,176,27,69
120,176,27,68
119,177,26,66
118,176,27,67
118,177,26,66
116,176,27,68
115,175,27,68
113,173,27,69
110,173,27,67
108,172,27,68
107,172,27,67
105,174,26,66
104,173,27,67
101,172,27,68
100,172,27,68
98,170,27,67
97,170,26,66
97,170,26,64
97,171,26,64
96,171,26,64
96,171,26,64
95,170,26,66
94,169,26,66
93,168,27,67
92,166,26,66
91,166,26,65
90,166,26,64
90,166,26,64
88,167,26,64
86,167,26,65
84,165,26,65
83,165,26,64
83,164,26,64
82,164,26,64
82,163,26,64
82,164,25,63
81,164,26,64
81,164,26,64
81,164,25,64
80,161,26,64
79,161,25,63
78,161,25,62
77,161,25,62
76,161,25,62
75,162,24,61
73,162,24,61
71,161,25,62
69,161,25,62
68,160,25,62
67,159,25,62
66,158,24,61
65,159,24,60
64,159,24,61
63,160,24,60
62,159,24,61
62,158,24,60
61,158,24,60
60,156,24,60
59,156,24,60
57,156,24,60
56,156,24,60
55,156,24,60
53,156,24,60
53,156,24,60
52,156,24,60
50,155,24,59
48,155,23,58
48,155,23,57
47,155,23,58
45,155,23,58
45,156,23,57
42,158,22,55
41,157,23,57
40,157,23,57
39,157,23,57
38,157,23,57
37,157,23,57
36,155,23,58
36,155,23,58
36,155,23,57
37,155,23,57
36,154,23,58
36,154,23,58
36,154,23,58
36,153,24,59
36,154,23,58
36,153,24,60
36,153,24,60
36,153,24,60
35,152,24,60
35,152,24,60
35,152,24,60
35,152,24,60
35,154,23,58
34,154,23,57
35,154,23,58
34,153,24,59
33,153,23,58
33,154,23,58
33,154,23,58
34,156,22,56
34,156,22,55
34,155,23,57
34,154,23,57
35,154,23,58
36,154,23,58
36,154,23,59
37,154,23,57
38,154,23,58
39,154,23,58
40,155,23,57
40,154,23,58
41,154,23,58
41,154,23,58
41,155,23,57
41,154,23,58
41,154,23,58
41,154,23,58
41,154,23,58
41,154,23,58
40,154,23,58
40,154,23,58
40,154,23,58
40,154,23,57
39,154,23,57
39,155,23,57
39,155,23,57
37,155,23,57
38,155,23,57
38,155,23,57
38,156,22,55
38,154,23,57
38,155,22,55
39,154,23,57
39,154,23,57
39,155,23,57
39,155,23,57
39,155,23,57
39,154,23,57
38,154,23,58
38,154,23,57
38,154,23,57
38,154,23,57
38,155,23,57
38,154,23,57
38,154,23,57
38,154,23,58
38,154,23,57
38,154,23,57
38,154,23,57
38,154,23,57
38,154,23,57
38,154,23,57
37,154,23,57
37,154,23,57
38,154,23,57
38,154,23,57
38,155,23,57
37,154,23,58
38,154,23,57
38,154,23,57
38,154,23,57
38,155,23,57
38,155,23,57
39,155,23,57
39,154,23,57
38,154,23,58
39,155,23,57
39,154,23,58
40,155,23,57
41,155,23,57
41,155,23,58
41,155,23,58
42,155,23,57
42,155,23,58
43,155,23,57
43,155,23,58
44,156,23,57
44,156,23,57
44,157,23,57
45,157,23,57
45,157,23,57
45,156,23,58
47,157,23,58
48,157,23,58
49,158,23,58
51,158,23,58
53,158,23,58
56,158,23,58
58,158,23,57
59,158,23,58
60,158,23,58
60,159,23,58
61,159,24,59
61,159,24,60
61,158,24,60
62,160,23,58
63,160,24,59
64,160,23,59
65,160,24,59
66,160,24,59
69,161,23,58
73,161,24,59
75,161,24,59
78,161,24,59
79,160,24,60
79,160,24,60
80,160,24,60
80,161,24,60
81,161,24,60
81,162,24,60
82,162,24,61
82,162,24,60
83,162,24,60
83,162,24,60
84,162,24,61
85,162,24,60
86,162,24,61
86,162,24,60
87,162,24,61
88,163,24,61
89,163,24,61
91,163,24,61
92,162,24,60
94,162,24,61
95,162,24,61
97,162,24,61
98,162,24,61
98,162,24,61
99,163,24,61
99,164,24,61
99,164,24,61
100,165,24,61
100,165,24,61
101,165,24,61
101,165,24,61
102,165,25,62
103,164,25,62
104,165,24,61
104,165,24,61
105,165,24,61
106,166,24,61
108,166,24,61
109,165,24,61
111,165,25,62
112,166,24,61
114,165,25,62
114,165,25,62
115,165,25,62
116,166,25,62
117,167,25,62
118,167,25,62
118,167,24,61
118,168,25,63
117,168,26,65
117,169,27,67
117,170,26,65
116,169,27,67
116,169,26,66
117,169,26,66
118,170,26,64
119,170,26,64
119,170,26,64
121,172,25,62
121,173,25,62
122,173,25,64
123,174,25,62
123,173,25,62
124,173,25,62
124,173,25,62
124,173,25,63
124,173,25,63
123,175,25,63
122,174,26,64
122,176,25,62
122,176,25,64
120,174,26,65
120,175,26,64
121,174,26,64
121,174,26,64
122,175,26,64
123,174,26,66
124,174,26,66
124,173,27,68
125,174,26,66
126,173,27,68
130,174,27,67
131,175,26,66
133,177,25,64
131,176,26,64
130,177,26,64
130,179,25,64
129,179,25,64
128,179,25,64
127,179,25,64
126,178,26,66
125,178,26,66
126,179,25,64
125,179,26,64
125,179,26,64
125,180,26,64
125,182,26,64
126,182,26,66
126,181,27,68
125,180,28,70
126,181,27,68
125,181,27,68
125,182,26,66
125,183,26,65
124,184,27,67
124,185,26,66
123,186,27,67
122,186,27,67
121,185,27,69
121,184,27,69
121,184,27,68
121,185,27,67
121,186,26,66
121,187,27,68
122,187,27,69
123,189,27,69
123,189,27,69
124,188,27,69
124,188,27,69
123,187,28,70
123,187,28,70
123,188,27,69
122,189,28,70
122,192,27,69
120,193,28,70
119,193,28,70
118,193,28,70
116,192,28,71
116,191,28,71
116,192,28,70
115,192,28,71
115,194,28,70
115,194,28,70
116,196,28,70
116,196,28,70
116,196,29,72
116,195,29,72
116,195,29,72
116,196,28,71
116,197,28,71
116,198,29,72
115,200,29,73
114,202,29,73
114,201,29,74
114,201,29,74
115,201,29,73
115,201,29,73
116,202,29,72
117,203,29,72
118,204,29,74
123,206,29,73
124,205,30,75
126,206,29,74
127,206,30,75
128,207,30,75
128,210,30,75
128,211,31,77
129,212,31,77
130,211,31,78
130,211,31,78
132,210,31,78
133,211,31,78
135,213,31,78
137,215,31,78
140,216,31,78
142,216,32,79
143,216,32,79
145,216,31,78
146,216,31,77
147,217,31,78
148,219,31,78
149,222,32,79
151,224,31,78
151,223,32,80
154,222,32,80
155,222,32,81
158,223,32,79
159,224,32,79
161,225,31,78
164,226,31,78
166,227,32,80
169,227,33,82
174,229,32,81
176,229,32,80
179,227,33,82
181,229,33,82
184,231,33,82
185,232,33,82
187,235,33,82
189,236,33,82
191,235,34,84
193,236,33,82
194,235,34,84
198,236,33,82
201,238,33,82
203,239,33,83
204,240,33,82
208,242,34,84
211,242,33,83
213,242,34,84
215,240,34,86
217,242,34,85
218,243,35,88
219,245,35,88
221,247,35,87
223,248,36,89
223,247,36,90
227,248,35,88
230,248,35,88
231,248,35,88
235,251,34,86
238,253,35,87
243,255,35,88
245,254,36,91
259,260,37,92
260,261,37,93
263,262,37,94
265,263,37,94
269,262,37,93
273,262,37,93
278,264,36,91
280,265,37,92
285,267,36,91
289,269,37,93
292,269,37,93
299,268,38,95
305,268,38,96
309,272,38,95
312,274,39,97
314,276,38,96
317,277,39,99
319,277,39,99
324,277,40,100
327,278,39,98
331,277,39,99
336,280,39,98
338,281,39,98
343,283,39,99
346,285,39,98
351,286,39,99
357,286,39,99
361,286,39,99
365,285,40,100
367,287,40,100
368,287,40,101
373,292,39,99
375,294,39,99
378,295,40,102
384,299,39,99
386,298,40,101
388,298,41,103
392,297,41,104
395,297,41,103
400,299,40,102
405,302,40,102
411,304,41,104
417,305,41,104
420,305,41,104
424,305,42,106
427,306,42,105
430,306,42,105
431,306,42,106
434,309,42,106
435,311,43,108
439,314,43,108
442,317,42,105
445,317,43,108
450,317,43,109
453,317,43,107
457,316,43,109
462,319,43,107
466,319,43,109
467,318,44,111
472,318,45,112
473,316,46,116
477,317,45,113
482,317,45,113
484,318,45,112
488,319,45,113
490,319,45,113
491,322,44,110
491,321,45,113
496,324,44,110
499,322,45,113
499,321,47,117
500,319,47,119
501,322,46,116
502,324,45,112
502,325,45,112
501,324,45,113
499,324,46,115
497,321,47,118
498,323,47,117
498,325,46,115
497,324,47,117
496,326,45,113
496,325,46,115
497,325,46,115
496,323,47,118
497,326,46,115
497,324,46,116
499,325,46,115
498,324,47,117
500,326,46,115
500,326,46,115
501,326,46,115
501,326,46,115
500,324,46,116
500,324,47,117
500,324,46,116
501,326,45,113
501,325,46,115
502,326,45,112
502,326,45,112
502,326,45,112
502,326,45,112
502,325,46,115
502,326,46,115
502,325,46,115
502,326,45,112
502,325,46,115
501,326,46,115
501,325,46,115
501,325,46,115
500,325,46,115
499,325,46,115
499,325,46,115
499,325,46,115
499,326,45,112
498,326,45,112
497,324,46,115
497,324,46,115
496,325,46,115
495,325,46,115
495,324,46,115
494,325,46,115
493,324,46,116
492,324,46,116
492,324,46,116
492,325,46,115
492,326,45,112
492,325,46,115
490,324,46,116
491,325,46,115
490,326,45,112
489,325,46,115
489,325,46,115
488,325,46,115
488,324,46,115
488,325,45,112
488,323,45,112
487,321,46,115
487,318,46,115
487,318,45,112
486,317,45,112
485,317,44,111
483,318,43,109
478,317,44,110
475,317,43,108
474,316,43,109
469,314,44,111
465,312,45,112
464,312,44,110
462,312,43,109
459,310,44,111
459,311,43,109
458,310,43,109
457,308,44,111
456,307,43,109
454,303,45,112
453,303,44,111
452,302,43,109
451,303,43,107
448,303,43,107
442,303,43,107
437,302,43,107
434,302,42,105
428,299,43,107
424,296,43,107
421,296,42,105
417,295,42,106
417,296,41,103
413,295,42,105
411,294,43,107
406,289,42,106
405,288,43,107
403,287,42,105
400,286,41,103
396,286,41,103
395,286,41,103
392,288,40,100
390,288,40,100
382,285,40,101
380,284,40,100
373,279,41,103
371,277,41,103
368,276,40,100
367,276,40,100
365,277,39,98
363,276,40,100
360,274,40,100
358,272,40,101
355,269,40,100
352,268,39,98
351,268,39,98
347,268,39,98
341,269,39,98
336,267,39,98
331,264,40,100
327,262,39,98
324,260,39,98
323,261,38,95
320,261,38,95
319,261,38,95
317,261,38,95
315,259,38,95
313,258,38,95
310,255,38,95
308,254,37,92
304,253,37,92
303,255,36,89
298,254,37,92
292,254,36,89
288,253,35,88
287,252,35,88
283,249,35,88
282,249,34,86
280,250,33,83
279,250,34,84
275,249,35,87
274,249,35,88
271,248,36,89
268,245,37,92
266,244,37,92
263,243,36,90
259,241,37,92
257,242,36,90
254,241,36,91
253,242,37,92
250,242,37,93
243,241,37,92
241,240,36,90
238,238,36,90
237,239,35,88
234,238,36,89
233,238,36,89
230,238,35,87
230,238,36,89
227,237,37,92
224,236,38,95
222,235,39,98
221,236,39,98
218,229,38,95
217,228,37,92
216,231,36,89
214,232,35,87
212,231,34,84
212,230,33,82
211,229,32,81
210,228,32,80
210,228,31,78
209,226,32,81
209,227,31,78
209,227,31,78
210,227,32,79
210,225,33,82
211,224,32,79
212,224,31,77
210,222,31,78
209,222,31,78
208,221,32,79
206,222,32,79
202,221,33,82
202,222,32,81
199,222,32,81
198,222,32,80
197,222,31,78
197,221,31,78
196,220,32,79
196,220,31,78
196,221,31,78
196,220,31,78
196,220,31,78
196,219,31,78
196,219,31,78
196,221,30,76
197,220,31,77
197,219,31,78
198,219,31,78
199,219,31,78
199,220,31,77
201,220,30,76
202,220,31,77
204,219,31,78
205,219,31,78
208,219,31,78
208,218,31,78
210,217,31,78
210,216,31,78
210,215,31,77
210,216,31,77
210,217,30,75
210,217,30,75
209,217,29,73
208,216,30,75
208,215,29,73
208,214,29,72
207,213,29,72
207,210,30,75
208,211,29,73
208,210,30,75
209,211,29,73
209,211,30,75
210,209,29,74
209,208,29,74
208,206,30,75
208,205,29,73
207,206,28,71
205,205,28,70
204,206,27,68
203,206,26,66
198,206,27,68
197,205,28,70
194,203,29,72
194,202,29,72
193,200,29,72
193,200,28,71
193,201,27,69
192,201,28,70
192,201,28,71
189,200,29,72
187,198,29,72
186,195,30,75
184,193,30,75
183,193,30,75
176,192,29,73
173,192,29,72
170,190,29,74
169,193,29,72
167,234,29,74
167,193,29,72
166,185,29,74
167,182,30,75
167,185,29,74
166,186,30,76
165,189,30,75
166,192,29,72
165,191,29,72
163,188,29,74
159,189,29,73
157,189,29,72
155,188,29,72
154,188,29,72
155,187,29,72
156,187,28,70
156,186,29,72
156,186,29,72
155,185,29,72
154,182,30,75
153,181,30,76
152,181,29,74
150,181,30,76
148,181,31,78
146,181,30,75
145,182,29,74
143,180,30,75
142,179,30,75
142,178,29,73
140,177,29,72
139,178,28,70
138,179,29,72
137,179,29,73
136,178,29,74
135,178,30,75
133,175,30,75
131,174,31,78
129,173,30,76
129,174,29,74
127,174,29,72
125,174,29,74
122,174,29,72
121,174,29,72
119,173,29,73
118,172,28,71
116,171,28,70
115,171,27,69
113,171,28,70
112,172,28,70
111,172,28,70
109,172,28,70
107,171,29,72
105,170,29,72
102,169,28,71
101,168,29,72
98,169,28,71
94,169,29,72
92,169,28,71
89,168,28,70
86,167,28,71
85,166,28,70
84,166,28,70
82,165,28,70
81,165,28,70
80,166,27,69
78,166,27,69
77,166,28,70
75,165,28,70
73,163,27,69
71,162,28,70
69,162,28,70
67,163,28,70
65,163,28,70
63,163,27,68
60,162,28,70
59,161,27,69
58,161,27,69
56,160,28,70
55,159,27,68
54,160,27,67
53,160,27,67
52,160,27,68
51,160,27,68
50,160,27,68
47,158,28,70
47,158,27,68
45,157,27,69
43,156,28,70
41,157,27,68
38,158,28,70
37,158,27,69
34,158,27,67
32,157,27,68
30,157,27,69
30,157,27,67
28,156,26,66
27,157,26,64
26,156,26,66
26,157,26,64
24,158,26,64
23,158,26,64
23,156,26,64
23,156,26,64
23,156,26,64
23,155,26,66
22,154,26,66
22,153,26,66
22,153,27,67
23,154,26,66
23,153,26,65
23,153,26,66
24,152,26,64
25,153,25,62
24,153,25,63
24,154,24,61
24,154,25,62
22,153,26,64
21,152,26,66
21,153,26,65
20,153,26,66
21,153,26,64
22,154,25,63
21,153,26,65
23,154,25,63
23,153,26,64
23,153,26,65
24,153,26,66
24,153,26,64
24,153,26,64
25,153,26,65
25,153,26,64
25,154,26,64
24,154,26,66
25,155,26,64
24,155,26,66
25,156,25,64
24,155,26,66
24,154,26,66
24,154,26,66
25,154,26,65
25,155,26,64
26,155,26,65
26,156,26,66
27,156,26,66
27,157,27,67
29,157,26,66
29,157,27,67
30,157,26,66
31,156,27,67
31,156,27,68
32,157,27,67
32,159,26,66
32,160,26,66
32,160,26,66
32,160,27,67
32,159,27,69
33,158,27,68
33,159,27,68
35,159,27,67
35,159,27,68
36,161,27,68
37,161,27,68
39,162,27,69
39,162,27,68
41,161,27,69
41,161,28,70
42,161,27,69
43,162,27,69
43,163,27,68
44,164,27,68
44,165,27,67
45,165,27,68
45,165,27,68
46,165,27,69
46,165,27,68
47,165,27,68
48,165,27,68
49,166,27,69
50,167,27,68
52,167,28,70
53,168,28,70
53,167,28,70
54,168,28,70
55,168,28,70
56,169,27,68
56,169,28,70
56,170,27,68
56,172,27,68
57,172,27,69
56,172,28,70
57,172,28,70
58,172,28,70
59,172,28,70
60,173,27,68
61,174,27,68
62,175,27,68
63,176,27,67
64,176,27,68
65,176,27,68
65,175,28,70
65,175,28,71
65,175,28,71
66,177,28,70
66,178,27,68
66,179,28,70
65,180,28,70
65,179,29,72
65,180,28,70
66,180,27,68
66,180,28,70
67,180,28,70
67,180,28,71
68,181,28,70
69,182,29,72
69,182,29,74
71,182,29,73
72,181,29,73
72,180,30,75
74,182,29,73
74,182,29,73
75,183,29,74
75,184,29,73
76,186,29,74
76,186,30,75
77,186,29,74
78,185,30,75
79,185,29,74
80,185,30,75
81,185,30,76
83,187,30,75
84,188,30,76
86,188,31,77
88,187,31,78
89,187,31,78
91,187,30,76
92,188,30,75
93,189,30,75
94,190,30,75
94,190,30,76
95,191,30,76
96,192,30,76
96,192,31,78
98,191,32,79
99,190,32,80
100,189,32,81
101,190,32,81
103,192,32,79
106,194,31,77
108,195,32,79
111,195,32,80
112,195,32,80
114,195,32,79
117,195,32,79
118,195,31,78
119,195,31,78
121,197,32,79
122,198,32,79
123,199,32,79
124,199,32,80
126,199,33,82
127,198,34,84
129,198,34,85
131,198,33,82
132,199,33,83
136,200,34,84
138,202,33,82
141,203,34,84
142,203,33,83
143,203,34,86
146,202,34,86
148,202,35,88
150,203,35,88
150,203,35,88
154,206,34,85
155,207,34,85
156,207,34,86
158,208,34,84
161,208,34,85
162,207,34,86
165,207,34,86
167,208,34,86
169,209,35,88
172,211,36,90
174,211,37,92
175,212,37,92
179,212,37,93
181,213,37,92
183,212,37,93
183,212,38,96
186,213,38,96
188,215,37,93
189,217,37,92
191,219,37,92
193,219,37,93
196,218,38,96
197,217,39,99
201,219,38,96
205,220,37,93
207,221,37,92
212,223,37,92
215,223,37,94
217,222,38,96
220,222,39,97
223,222,38,96
226,224,37,93
230,227,37,92
231,228,37,92
233,229,37,94
235,229,39,97
238,228,39,97
241,229,38,95
243,229,38,96
248,231,37,93
250,232,37,93
252,233,37,94
256,234,38,96
259,234,38,96
262,235,38,96
266,234,38,96
270,235,38,95
274,237,37,93
277,238,37,92
280,240,37,92
283,242,37,92
285,241,38,95
288,241,39,98
289,240,39,97
295,241,39,99
300,243,39,99
303,244,39,99
308,246,39,99
312,245,40,102
316,245,40,102
318,246,40,100
323,249,39,98
323,249,40,101
327,252,39,98
328,253,39,99
331,255,39,99
334,255,40,100
335,254,41,103
338,254,40,102
343,257,40,101
347,259,41,103
360,263,41,103
361,264,41,104
362,269,40,101
364,269,41,104
367,270,40,101
372,272,41,103
376,276,40,101
380,277,41,104
382,278,42,105
382,278,42,106
383,283,42,106
381,284,43,109
380,285,43,107
379,284,42,106
380,284,43,107
380,284,43,109
382,285,43,107
383,286,43,107
385,287,43,109
387,288,44,111
389,290,45,113
389,290,47,117
390,289,45,113
393,289,44,110
394,289,44,110
398,290,45,112
402,289,45,113
406,290,46,115
408,290,46,115
411,289,47,117
414,289,47,117
416,290,47,117
420,289,47,117
422,290,46,116
428,290,46,115
430,290,45,113
432,288,47,117
436,288,46,115
437,288,46,116
440,289,45,113
441,289,46,115
441,288,47,117
441,287,47,117
441,286,47,117
441,285,46,116
441,286,45,113
440,284,46,116
441,284,45,113
440,282,46,115
438,282,47,118
438,282,46,116
441,284,45,112
442,284,44,111
443,284,44,110
445,287,44,111
445,286,45,113
441,276,46,116
446,287,47,119
445,285,48,120
446,286,47,118
446,287,47,117
444,285,45,113
438,280,45,112
439,280,45,112
440,280,44,111
438,280,43,109
437,281,42,106
432,280,43,108
425,278,43,109
422,276,43,107
419,274,44,110
417,273,45,112
413,271,44,110
413,273,43,107
411,274,42,106
411,274,42,105
409,272,42,106
407,270,43,109
405,269,43,109
402,269,43,107
400,267,43,108
397,265,43,107
394,265,43,107
391,264,42,106
387,265,41,104
382,263,43,107
377,260,43,108
375,260,43,107
373,259,41,104
371,259,43,107
371,259,43,107
369,258,42,105
369,257,42,105
367,256,43,107
365,254,41,104
364,254,41,104
363,253,41,103
360,253,41,104
358,253,41,104
354,255,40,101
350,255,40,100
347,255,39,99
344,253,40,100
342,250,41,103
341,249,41,103
340,248,40,100
339,247,40,101
339,247,40,100
337,246,40,102
336,246,40,102
335,247,39,99
334,247,39,99
333,247,40,100
332,246,39,99
330,245,40,100
328,242,40,100
327,240,39,99
325,239,38,96
323,238,39,98
322,238,40,100
320,238,39,98
317,239,38,96
315,240,38,96
314,239,39,97
310,239,39,98
305,237,39,97
305,236,38,95
303,234,38,95
301,231,39,97
300,230,38,96
299,229,38,96
297,230,37,94
297,230,37,93
296,231,37,92
295,230,37,92
292,228,37,93
291,227,37,93
289,225,37,93
288,224,37,93
286,223,36,90
284,223,37,92
281,223,36,91
276,222,37,92
274,221,37,92
272,220,36,89
270,219,36,89
269,219,36,89
268,217,37,92
267,217,36,90
267,218,36,89
266,217,36,90
265,215,37,92
264,214,36,90
263,213,36,89
262,211,36,90
261,212,35,88
258,212,35,88
257,213,34,86
249,208,35,88
249,208,34,86
250,208,35,87
250,208,35,87
250,206,35,87
249,204,34,86
249,203,33,83
248,202,34,85
247,202,34,84
246,202,34,84
244,202,33,82
242,202,33,82
241,200,33,83
241,198,33,83
241,198,34,84
241,198,33,83
242,199,33,82
242,200,33,82
242,200,34,84
242,199,33,83
242,197,33,83
241,196,33,83
240,195,34,84
238,193,33,83
238,193,34,84
234,194,33,82
231,195,32,80
228,193,32,79
227,193,32,79
225,192,32,79
221,191,32,80
220,191,31,78
217,191,32,79
216,191,31,78
213,191,31,78
212,191,31,78
207,190,31,78
207,189,31,77
204,187,30,75
200,187,31,78
199,187,30,76
196,186,31,78
193,186,31,78
187,186,31,77
181,187,30,75
179,187,30,75
177,187,30,75
173,186,29,74
170,185,30,76
166,185,31,78
149,184,31,78
140,183,30,76
132,183,31,78
125,182,32,79
122,183,31,78
117,181,31,78
116,181,32,79
112,180,31,77
111,180,31,78
109,180,30,76
106,180,30,75
105,180,29,72
102,179,30,75
99,177,31,77
97,177,30,75
95,175,31,77
94,176,30,75
91,177,30,75
88,176,30,75
87,176,29,74
84,175,30,76
83,175,30,76
83,175,30,75
82,173,30,75
81,173,30,76
81,173,30,75
80,173,30,75
80,173,30,75
81,173,30,76
79,171,29,74
77,171,29,73
74,171,29,74
71,171,29,73
70,170,29,72
70,170,28,71
69,168,29,73
68,168,29,74
67,167,29,73
67,168,29,73
68,168,29,72
67,167,29,72
66,165,29,74
66,165,29,72
64,164,29,73
62,165,28,71
60,164,29,72
58,165,28,70
57,164,28,71
56,163,28,71
55,163,28,70
54,162,29,72
54,163,28,70
53,163,28,70
50,161,28,71
48,159,29,72
47,159,28,71
45,160,27,69
44,159,28,70
42,160,28,70
40,159,29,72
38,159,28,70
37,159,28,70
36,158,28,70
35,158,27,69
33,158,28,70
33,158,27,69
32,157,28,70
32,158,27,69
31,159,27,69
31,158,27,69
30,157,27,69
28,156,27,69
27,155,27,69
26,155,27,69
25,155,28,70
25,155,28,70
24,155,27,68
24,154,27,69
23,154,27,69
22,154,27,67
20,155,27,67
19,154,27,69
16,154,27,68
15,154,27,67
13,154,27,68
11,154,26,66
11,154,27,68
11,154,27,68
12,154,27,67
13,154,27,67
13,153,27,68
14,153,27,68
16,154,27,67
16,153,27,68
17,153,27,68
19,154,27,68
18,153,27,69
19,153,27,68
19,154,27,68
19,154,27,68
19,155,27,68
19,154,27,69
19,154,27,68
19,155,27,68
19,155,27,68
19,155,27,67
20,154,27,68
20,155,27,68
28,155,28,70
31,155,27,69
32,156,27,68
32,156,27,69
32,156,28,70
33,158,27,68
33,158,27,68
32,158,27,68
32,158,27,68
32,157,27,69
32,158,27,68
32,157,27,69
33,158,27,68
34,158,27,69
34,158,28,70
36,160,27,69
37,160,27,69
38,159,28,70
39,160,28,70
40,159,28,71
41,160,28,70
41,159,28,71
42,160,28,70
42,161,27,69
42,162,27,69
42,163,27,69
42,163,28,70
42,162,27,69
42,162,28,70
43,163,27,68
44,163,28,70
44,164,28,70
46,164,29,72
47,165,28,71
48,165,28,71
48,164,29,73
49,164,29,72
49,165,29,72
50,165,29,72
50,167,29,72
50,168,28,70
50,169,28,70
49,168,28,71
50,168,29,72
50,168,29,72
50,168,29,72
51,168,29,72
52,170,28,71
52,170,29,72
54,171,29,72
54,171,29,73
55,171,29,72
56,171,29,72
56,171,29,72
57,171,29,72
57,172,29,72
57,173,29,72
57,174,29,74
56,175,29,73
56,175,29,72
56,174,29,74
56,174,30,75
56,174,29,74
57,174,29,74
58,174,29,74
58,174,30,75
59,176,30,75
60,176,30,76
62,176,30,75
64,176,29,74
64,176,30,75
65,176,30,75
65,178,30,75
66,180,29,73
66,181,29,73
66,180,30,75
65,179,31,77
66,179,31,77
67,179,31,77
67,179,31,78
70,179,30,76
71,179,31,77
73,180,30,76
76,181,31,78
78,181,31,78
82,181,31,77
85,180,31,78
87,181,31,77
89,181,31,78
89,181,31,78
90,182,31,78
92,183,31,77
93,185,30,75
93,185,31,78
93,185,31,78
94,185,31,77
94,184,31,78
96,184,31,78
96,184,31,78
97,184,31,78
98,185,31,78
99,186,31,78
101,187,31,78
102,187,31,78
104,187,31,78
105,187,32,79
104,185,33,82
105,185,33,82
105,185,33,82
105,186,33,82
105,187,33,82
105,188,33,82
105,191,32,79
104,191,32,81
104,191,32,81
103,191,32,80
102,190,32,80
101,191,32,79
101,190,32,81
100,190,33,82
101,191,32,81
101,192,32,79
101,192,33,82
102,193,32,81
103,194,32,79
103,194,33,82
104,193,33,82
104,193,33,82
104,193,33,82
104,193,33,82
104,193,33,82
104,193,33,83
104,195,33,82
103,196,33,83
102,198,33,82
100,197,33,82
99,197,33,82
99,197,33,82
99,197,34,84
99,198,33,82
99,199,33,82
100,200,33,82
100,200,33,83
101,201,33,82
102,200,33,83
103,200,34,84
103,200,34,84
103,201,34,84
102,202,33,83
102,203,33,83
101,205,33,83
100,206,34,84
99,206,33,82
98,205,34,85
98,204,34,86
97,204,35,87
98,206,34,85
97,206,34,86
99,208,34,85
99,209,34,86
100,209,35,87
101,210,34,85
103,210,34,84
102,209,35,87
103,210,34,84
104,210,34,84
103,210,34,86
105,212,34,84
104,214,34,86
104,214,34,86
105,215,34,85
105,214,35,87
107,214,35,87
109,214,35,88
110,215,35,88
112,216,35,88
113,216,36,90
117,217,36,89
119,216,36,90
121,216,37,92
123,216,36,91
128,218,36,89
129,217,36,91
130,218,36,91
132,219,36,91
135,220,36,91
136,221,36,91
139,221,37,93
141,220,37,94
144,222,37,92
147,222,37,92
148,222,37,93
152,223,37,92
154,223,37,93
158,226,37,92
162,225,38,95
165,223,38,96
168,224,37,94
170,225,37,93
171,226,37,94
173,227,38,96
175,229,37,94
178,230,37,94
181,230,38,95
183,229,38,95
185,229,39,97
190,232,37,94
193,233,37,93
196,234,37,94
201,234,37,93
205,235,36,91
209,234,37,94
212,235,38,95
214,236,37,93
215,237,37,94
216,238,38,96
218,240,38,95
219,239,38,95
221,239,39,97
222,239,39,97
223,238,39,99
226,240,38,96
228,240,39,99
242,242,39,99
247,242,40,101
249,243,40,101
252,246,39,99
253,248,40,101
255,248,40,100
255,248,40,102
258,249,40,100
261,248,40,100
261,248,40,102
264,249,40,101
268,251,40,102
270,251,40,102
272,253,40,101
277,253,40,102
279,253,41,104
283,253,41,104
284,252,41,104
288,253,41,103
291,253,40,102
292,254,40,101
294,256,41,103
295,257,41,103
298,259,40,100
298,259,40,101
300,259,41,103
301,259,40,101
303,259,41,104
306,259,41,104
309,260,40,102
312,261,42,105
319,263,43,107
323,264,42,106
329,264,42,105
331,264,42,105
334,263,42,106
337,264,42,106
340,265,43,107
341,265,43,107
344,268,41,104
347,270,42,106
350,271,42,105
351,270,43,107
353,270,43,109
354,270,43,108
359,272,43,107
364,273,43,109
368,275,43,109
373,277,43,109
377,276,44,111
383,277,43,109
384,276,44,111
387,277,44,111
389,278,44,111
390,279,43,109
391,279,44,111
393,282,44,111
395,284,44,111
395,283,45,113
397,282,45,113
400,283,45,113
403,284,45,112
404,284,45,112
406,285,46,115
408,286,46,115
413,288,46,116
419,290,45,113
423,291,45,113
426,291,45,113
427,290,46,115
428,290,46,116
430,292,46,115
430,292,47,118
431,293,47,119
434,296,47,117
435,297,47,117
435,296,47,118
436,295,47,119
437,296,47,118
439,295,48,120
441,296,47,118
443,297,47,118
445,298,46,116
446,299,47,117
452,302,46,115
454,302,47,117
459,303,47,119
464,305,46,116
466,306,46,115
468,307,44,111
469,308,44,110
470,309,44,111
470,310,44,110
469,310,45,113
470,311,45,113
470,313,45,112
470,312,46,115
470,311,46,116
472,312,46,115
471,311,47,117
474,313,46,115
476,313,46,115
477,314,46,115
479,314,46,116
481,314,47,117
485,315,46,116
488,316,45,112
489,315,46,116
491,316,46,115
492,317,46,115
494,317,46,115
492,317,47,118
491,317,47,119
490,317,47,119
490,319,47,117
488,318,47,118
487,320,46,115
487,321,44,111
487,322,43,109
486,321,45,112
487,322,45,112
488,322,45,112
490,323,45,112
493,325,44,111
497,326,44,111
500,327,44,111
502,327,45,112
503,328,45,112
503,327,46,115
504,329,45,113
504,327,45,113
505,326,45,113
504,326,47,117
503,325,46,115
505,325,44,111
504,324,44,110
504,323,45,113
506,323,46,115
505,318,47,118
505,316,48,120
506,317,47,119
507,319,47,118
508,318,47,118
507,318,47,118
508,317,47,117
506,318,47,117
506,317,47,118
504,319,47,117
500,318,48,120
501,320,47,119
499,319,47,119
496,318,48,122
493,318,48,122
494,319,48,120
490,318,48,122
488,318,48,122
486,317,49,123
487,318,48,120
486,319,47,118
486,319,47,118
485,318,47,118
484,317,48,120
485,317,47,118
483,316,48,122
483,316,48,122
482,315,48,122
482,315,48,122
481,315,48,122
480,315,48,122
478,315,49,124
478,316,48,120
477,317,47,118
475,316,48,122
472,315,49,124
472,316,49,123
470,316,49,123
470,316,49,123
468,314,50,125
469,316,48,122
469,316,48,122
468,316,50,125
468,316,50,125
468,315,50,125
469,315,50,125
469,315,50,125
469,316,50,125
469,316,50,125
469,316,50,125
468,316,50,125
469,317,48,122
468,317,49,123
469,319,48,122
469,319,48,122
467,318,50,125
467,318,49,123
466,319,48,122
466,318,50,125
467,320,48,122
465,320,48,122
466,319,48,122
465,319,49,123
465,320,48,122
465,319,48,122
464,319,49,123
464,320,48,122
465,319,48,122
465,319,48,122
464,319,49,123
464,318,50,125
465,320,48,122
464,319,48,122
464,319,48,122
464,319,48,120
464,319,48,122
464,319,48,120
463,319,49,123
464,319,48,122
464,319,49,123
464,319,48,120
465,320,48,122
465,319,49,123
466,319,48,122
466,319,48,122
466,318,49,123
465,318,50,125
466,317,50,125
467,317,50,125
467,317,50,125
467,317,50,125
467,317,50,125
468,317,50,125
468,318,48,122
467,317,49,124
467,317,49,124
466,318,49,124
465,319,49,123
465,318,50,125
464,318,50,125
465,319,48,122
464,319,49,123
464,319,49,123
464,319,48,122
463,318,50,125
464,318,48,122
464,318,48,122
463,317,50,125
464,318,48,122
463,316,50,125
464,315,49,123
464,316,48,122
465,316,48,122
464,314,49,124
464,314,48,122
464,313,49,123
463,312,50,127
463,313,49,124
462,312,50,125
460,313,49,124
458,312,50,127
456,313,49,124
454,313,50,125
451,313,49,123
449,313,50,127
445,311,50,127
442,307,52,130
440,306,53,133
441,309,51,129
441,310,50,127
439,309,50,127
439,309,50,125
438,309,50,125
438,309,49,124
439,309,50,127
440,309,50,127
440,307,51,128
442,306,49,124
443,307,48,120
443,305,49,123
442,304,49,124
441,303,49,124
440,304,48,122
437,302,50,125
433,303,49,123
433,304,47,119
428,304,47,118
427,303,46,116
421,299,47,119
419,298,48,122
418,298,47,118
416,297,47,118
416,297,47,118
415,298,46,115
415,298,46,115
413,296,47,117
412,294,47,117
411,292,45,113
409,292,45,112
407,291,45,112
405,291,44,110
401,290,45,113
398,290,44,111
395,289,44,111
393,287,44,111
391,284,45,112
390,282,46,115
389,279,46,115
390,280,44,111
391,280,44,111
392,280,44,110
392,280,43,109
392,277,43,108
391,275,44,111
390,273,44,111
391,273,43,109
389,271,44,110
390,272,43,109
388,272,44,111
389,272,43,109
386,271,45,112
386,269,44,111
386,267,44,111
387,266,43,109
388,264,44,111
389,265,43,109
390,265,43,109
391,265,43,109
392,265,43,109
394,264,43,109
396,262,43,109
397,261,43,109
397,260,43,109
397,258,43,109
396,257,44,111
395,257,43,108
394,257,43,108
394,258,43,107
391,258,43,109
390,257,43,107
388,256,43,107
386,255,42,105
384,254,43,107
382,252,43,108
382,251,43,109
381,250,43,107
381,250,43,107
381,251,43,107
381,251,43,107
381,251,43,107
381,250,43,107
382,249,43,107
381,249,43,107
381,248,43,107
381,248,43,107
379,247,43,107
378,247,43,107
377,247,43,107
376,248,43,107
375,248,43,107
372,247,43,109
371,248,43,107
369,248,43,109
366,249,43,107
364,249,43,107
362,250,43,107
358,250,42,105
355,250,42,105
352,251,42,105
351,251,42,105
347,251,42,106
346,251,42,105
341,250,43,108
341,252,42,105
337,252,43,108
335,252,44,111
335,252,43,109
329,250,45,112
327,250,43,109
324,250,42,106
323,251,42,105
319,251,41,104
319,251,41,103
315,250,42,106
315,252,42,105
313,253,43,107
312,254,43,107
311,255,43,107
310,254,43,108
310,254,43,107
309,254,43,108
308,255,43,109
308,255,43,108
306,255,44,110
306,255,44,111
305,256,43,109
304,257,43,109
303,258,43,107
300,259,42,106
298,258,43,108
296,260,43,107
296,261,43,107
296,261,43,109
297,262,43,107
297,262,44,110
298,262,44,110
302,264,44,111
304,265,45,112
309,266,44,111
311,266,44,111
314,265,45,112
316,265,44,111
319,265,45,112
321,266,43,109
324,267,43,107
326,268,42,105
327,269,42,105
330,272,41,104
331,273,41,104
334,274,43,107
335,273,44,110
338,272,45,113
340,271,46,116
346,273,45,113
348,274,45,113
355,276,44,111
356,277,45,113
359,278,45,112
365,277,46,116
372,279,45,112
374,279,45,113
376,279,46,115
379,278,46,116
383,280,45,113
386,281,45,113
389,285,46,115
392,287,46,115
394,287,46,115
397,288,47,117
399,288,47,117
404,289,46,116
406,289,47,117
409,289,47,118
413,291,47,117
417,293,46,116
421,295,47,118
423,295,48,122
425,295,48,120
429,295,48,122
431,295,48,122
432,296,48,122
433,297,48,122
433,298,48,122
434,299,48,122
433,302,48,120
434,303,48,120
433,306,47,119
433,307,47,117
433,307,47,117
433,305,48,120
433,305,48,120
434,305,49,123
436,308,48,120
437,309,49,123
438,310,47,119
439,311,47,119
443,313,46,116
445,314,47,118
447,314,48,120
449,314,49,124
453,313,51,128
453,312,51,129
460,315,51,128
462,316,51,128
466,317,50,125
467,317,50,125
469,316,51,129
470,317,51,128
473,318,49,124
474,318,50,125
474,318,50,127
473,317,52,130
474,319,51,128
473,318,51,129
474,320,50,127
474,318,52,130
476,319,51,128
476,319,52,130
478,319,51,129
479,319,51,129
481,318,51,129
482,319,51,128
483,319,50,127
485,319,50,127
485,320,50,127
485,319,51,128
485,318,51,128
483,318,51,128
483,318,51,128
480,318,52,130
480,319,51,128
478,319,51,128
475,317,51,129
472,318,51,129
470,319,51,128
468,319,51,129
465,318,53,133
465,318,53,133
464,318,53,133
464,319,51,129
466,320,51,128
466,319,52,130
467,318,53,133
469,318,51,129
471,319,50,127
473,320,51,128
474,319,51,129
478,319,50,125
479,319,50,127
480,318,51,129
482,319,51,128
483,319,51,128
483,319,51,128
482,319,51,128
483,319,50,127
483,319,50,125
482,319,50,125
482,319,50,125
480,319,49,124
479,318,51,128
479,318,50,125
477,319,49,124
475,319,51,128
473,319,51,128
471,319,51,129
469,319,52,130
465,321,51,129
463,321,53,133
462,322,53,133
461,321,53,133
460,320,53,133
461,320,53,133
462,320,52,132
464,322,51,128
467,321,50,125
468,320,50,125
470,319,50,125
472,319,49,123
475,319,50,127
477,319,50,125
479,319,50,125
480,319,50,125
481,318,50,127
482,319,50,125
481,319,50,125
481,319,50,125
480,319,49,124
480,319,50,125
479,319,50,125
478,320,50,125
478,319,50,127
478,318,51,128
478,318,50,127
478,318,50,127
477,318,51,129
477,318,51,129
478,319,50,127
478,318,51,128
478,318,50,127
478,318,51,128
478,318,50,127
479,319,50,125
479,319,50,125
479,318,50,127
479,319,50,125
478,318,51,128
478,319,50,127
478,319,51,128
478,319,51,128
477,319,51,128
477,319,51,128
477,319,51,128
476,318,51,129
476,318,51,129
477,319,51,128
477,318,51,129
477,319,51,128
477,319,51,129
477,319,51,129
478,319,51,128
477,318,51,129
478,318,51,129
478,319,51,128
478,319,51,129
478,319,51,129
477,318,52,130
477,319,51,129
477,318,52,130
477,319,51,129
478,319,51,129
477,318,51,129
477,318,52,130
478,319,51,128
477,318,51,129
477,319,52,130
478,320,51,128
477,318,52,130
477,318,52,130
477,318,51,129
477,319,51,129
476,319,51,129
476,318,51,129
477,319,51,128
476,319,51,129
477,320,50,127
477,320,51,128
475,319,51,129
475,319,52,130
474,319,51,129
473,320,51,129
472,320,51,129
470,320,51,129
470,320,51,129
469,320,51,129
468,321,50,127
466,322,50,125
466,322,50,125
464,321,50,127
463,321,51,128
463,321,50,127
462,322,50,127
460,321,52,130
460,321,51,128
460,321,51,128
460,321,51,128
459,320,52,130
459,320,51,129
459,320,52,130
460,320,52,130
461,320,52,130
461,320,51,129
461,320,52,130
461,320,52,130
460,320,52,130
460,321,51,128
459,320,51,128
458,319,52,130
458,320,51,128
456,319,52,130
457,319,51,128
455,318,52,130
455,318,51,129
455,318,51,129
455,317,50,127
454,315,51,129
452,312,51,128
450,310,52,132
448,307,52,130
448,308,51,128
445,307,50,127
443,307,49,124
442,308,49,123
438,307,49,124
436,307,50,127
430,305,50,125
429,304,48,122
425,301,49,123
423,300,50,125
422,299,50,127
419,299,50,127
418,299,49,124
416,298,49,124
416,299,48,120
414,297,49,123
413,295,49,124
411,293,48,122
409,291,48,122
405,289,48,120
404,289,47,118
400,290,47,118
398,289,47,118
393,288,47,118
391,286,47,118
387,284,47,118
385,283,47,118
381,280,47,119
381,280,47,118
378,279,47,118
378,279,46,115
377,279,46,115
376,278,47,118
375,277,47,117
373,274,46,115
372,273,46,115
368,271,46,115
366,270,46,115
362,271,45,112
360,272,44,111
354,271,44,110
351,270,45,112
347,268,43,109
344,267,44,111
341,265,43,109
339,264,43,109
336,264,43,108
336,265,43,107
334,267,43,108
334,267,43,108
342,274,42,105
326,259,43,108
324,258,43,109
320,258,43,107
319,258,42,105
317,258,42,105
311,259,43,107
307,258,44,110
301,258,45,112
299,257,46,115
295,255,44,111
293,253,44,111
292,252,43,108
288,251,44,111
286,251,45,112
286,252,43,109
282,252,45,112
280,251,46,115
277,249,46,115
276,248,46,115
275,247,45,112
273,245,43,109
271,244,42,106
268,245,41,103
267,245,40,100
262,245,41,103
260,245,40,102
257,244,39,99
254,242,39,99
253,241,39,99
250,239,39,99
249,239,40,100
249,239,39,98
248,240,39,98
246,239,38,96
245,238,38,96
243,236,39,99
242,235,39,99
239,232,39,99
239,232,38,96
237,232,39,98
234,230,39,99
233,232,38,96
232,232,38,96
229,232,38,96
227,231,38,96
225,230,38,96
223,228,38,96
223,228,38,96
222,227,39,97
221,227,38,96
221,227,38,95
219,227,37,94
219,227,37,94
219,227,38,95
217,226,38,96
217,225,38,95
216,222,37,92
214,221,38,95
213,221,38,95
211,221,37,94
209,221,37,94
208,222,38,95
205,221,37,93
204,221,38,95
202,220,37,93
200,220,36,90
199,218,36,91
196,216,37,94
195,215,37,94
194,215,37,93
193,215,37,93
192,215,37,93
192,216,36,90
192,216,36,91
191,215,37,93
190,214,37,92
189,213,37,92
188,212,37,92
187,212,36,89
186,211,36,89
184,211,35,88
182,212,35,88
181,212,35,88
178,212,36,89
177,211,35,88
175,210,35,88
172,208,36,90
171,207,36,90
171,207,36,89
170,207,36,89
169,207,35,88
168,207,35,88
168,207,35,87
167,207,35,87
167,207,35,88
166,206,35,88
164,204,35,88
163,203,35,88
162,202,35,88
161,202,35,87
159,202,35,88
158,203,34,85
156,202,35,88
153,202,35,88
152,201,35,88
151,201,35,88
150,199,36,89
149,199,35,88
148,197,36,89
148,196,36,89
146,197,35,88
147,199,34,85
146,199,34,85
145,198,34,86
145,199,34,84
144,198,34,84
143,196,34,86
143,196,33,83
143,196,34,84
142,196,34,84
141,194,33,83
140,194,34,84
138,194,34,84
137,194,34,84
136,195,33,82
134,195,34,84
133,195,34,84
131,193,34,84
130,193,33,83
129,193,33,83
128,192,34,84
127,192,34,85
127,191,34,84
126,192,34,84
125,192,34,84
125,192,33,82
126,193,32,81
125,192,33,83
124,190,34,84
124,189,33,82
124,188,33,82
123,189,32,81
123,189,32,80
121,189,32,80
119,188,33,82
119,189,32,80
117,190,31,78
116,189,32,80
114,188,32,79
113,186,32,80
113,185,32,81
113,186,31,78
112,186,31,78
112,186,32,79
112,186,31,78
111,186,31,78
111,185,31,78
110,184,32,80
110,184,31,78
109,182,31,78
108,182,30,76
107,181,31,78
106,181,31,78
105,181,31,77
104,182,30,76
102,182,31,77
101,181,31,77
100,180,31,77
99,179,31,77
99,179,31,77
98,178,31,78
98,178,31,78
98,178,31,77
98,178,30,76
98,178,30,76
98,178,30,75
98,177,31,77
98,176,30,75
97,175,30,75
96,174,30,75
95,174,30,76
95,174,30,75
93,175,30,75
92,175,30,75
91,175,29,74
90,174,29,73
89,173,29,74
89,173,29,72
88,172,29,72
87,172,29,72
87,171,29,73
86,172,28,71
86,172,29,72
86,172,28,71
85,172,28,71
85,171,28,70
83,169,29,72
82,168,29,73
80,168,29,74
79,168,29,72
78,169,28,70
76,169,29,72
74,168,28,70
72,167,29,72
71,167,28,71
70,166,28,71
69,165,29,72
68,165,28,71
67,165,28,70
67,165,28,71
66,165,28,71
66,166,28,70
65,166,28,70
64,164,28,70
63,163,29,72
62,162,29,73
61,162,28,71
60,163,28,70
59,163,28,70
57,162,28,71
56,163,28,70
55,163,27,69
52,163,28,70
52,162,28,70
50,160,28,70
49,159,28,71
48,159,28,70
48,160,27,68
47,160,27,69
47,161,27,68
46,161,27,68
46,160,27,68
45,160,27,68
45,159,27,68
44,159,27,68
43,158,27,68
42,157,27,68
41,157,27,68
40,158,27,68
39,158,27,67
38,159,26,66
36,159,27,68
36,159,27,67
34,157,27,68
34,157,26,66
33,157,27,67
33,156,26,66
33,156,26,65
31,156,26,66
31,156,26,66
30,156,26,66
29,155,27,68
29,156,27,67
29,155,27,69
30,155,27,67
30,155,27,68
30,154,28,70
31,155,27,69
32,155,27,69
32,154,28,70
33,155,28,70
34,155,28,70
34,155,28,70
36,156,27,69
36,156,28,70
37,156,27,69
37,156,27,68
37,157,27,69
37,157,27,69
38,158,27,68
37,158,28,70
37,158,27,69
38,158,27,69
38,157,28,70
38,157,27,69
38,157,27,69
39,156,28,71
39,157,28,70
40,158,28,70
42,159,28,70
43,160,28,70
43,159,28,71
45,159,28,70
45,158,29,72
46,157,29,72
47,159,28,71
48,159,28,71
48,160,28,70
49,161,28,70
49,162,28,70
49,161,29,72
49,161,28,71
50,161,28,71
50,160,29,72
50,161,29,72
51,161,28,70
52,162,29,72
53,163,29,72
54,164,28,70
55,164,29,72
56,164,28,71
57,164,29,72
58,164,29,72
59,163,29,74
59,164,29,72
60,164,29,72
61,165,28,71
61,166,28,71
61,168,28,71
61,167,29,72
61,167,29,72
61,166,29,74
61,166,29,72
62,166,29,72
63,167,29,72
63,167,29,74
64,167,29,74
65,168,29,73
66,169,30,75
67,169,29,74
67,169,30,75
68,169,30,75
69,169,30,75
70,169,30,75
71,170,30,75
72,171,29,72
73,173,29,72
73,172,30,75
73,173,30,75
74,173,29,73
75,173,29,73
76,173,29,74
77,173,30,75
77,172,30,75
79,172,30,75
80,173,30,76
82,175,30,75
83,174,31,77
85,175,30,76
88,174,31,77
88,174,30,76
90,174,31,77
92,175,30,75
94,175,30,75
94,175,30,76
95,175,30,75
97,177,30,75
97,178,30,75
98,178,30,75
99,178,31,77
100,177,30,76
101,177,31,78
102,177,31,77
103,177,31,77
106,178,31,78
106,178,31,78
108,178,31,78
110,179,31,78
112,180,31,78
116,180,31,78
118,180,31,78
121,179,31,78
122,179,31,78
123,179,31,78
126,180,31,77
127,181,32,79
128,182,31,78
129,182,31,78
131,183,32,80
131,183,33,82
132,184,34,85
132,182,35,88
126,191,34,85
124,190,35,88
123,190,36,89
119,189,37,92
116,190,38,95
113,190,38,96
111,189,39,99
107,189,40,102
105,188,41,104
104,187,40,102
102,186,39,99
101,185,38,96
100,184,37,93
99,184,36,91
100,185,35,88
99,186,35,88
99,186,35,88
97,185,35,87
96,184,34,84
95,183,33,82
94,183,32,80
93,183,31,78
92,184,31,77
91,184,30,75
91,183,29,73
91,183,29,73
91,181,29,74
91,181,30,76
91,181,29,74
91,181,30,75
92,181,29,73
93,181,29,72
94,181,28,71
94,181,28,70
95,180,28,70
96,180,27,68
96,180,27,67
96,179,27,69
96,180,28,70
95,180,29,72
95,180,29,74
94,180,29,72
93,180,29,72
93,180,29,73
93,180,29,72
92,179,29,72
91,179,29,74
90,179,29,72
89,179,28,71
88,179,29,72
87,180,28,70
86,179,28,70
84,179,28,70
82,180,29,72
82,180,29,72
81,180,28,70
80,180,29,72
79,179,29,72
79,179,29,72
78,180,29,72
79,181,28,70
78,180,29,72
78,180,29,73
78,180,28,71
78,180,29,72
78,180,28,70
78,180,28,70
79,180,28,70
78,179,28,70
78,179,29,72
79,179,28,71
79,179,29,72
79,179,28,70
79,178,29,72
80,178,29,72
80,179,28,70
80,178,29,72
80,179,28,71
80,179,28,71
80,178,28,71
79,178,29,72
80,178,29,72
79,179,29,72
79,179,28,71
79,179,28,70
79,179,29,72
79,179,28,71
79,179,29,72
78,179,29,72
79,179,29,72
80,176,29,74
79,175,30,75
80,175,30,75
81,178,29,73
82,180,28,71
83,180,28,70
83,180,28,70
83,179,28,71
84,180,28,70
84,180,28,70
85,178,29,72
86,176,29,74
84,171,30,76
85,171,31,78
86,170,32,80
88,170,32,81
88,171,32,79
90,171,31,78
91,171,31,77
93,172,30,75
93,172,31,78
94,172,31,78
96,172,31,78
96,173,30,76
97,173,31,77
99,173,31,77
100,174,31,78
102,174,31,77
102,175,31,78
103,175,31,77
106,177,30,76
108,178,30,75
109,179,29,74
111,179,30,75
113,179,30,75
117,179,30,75
120,181,30,75
124,182,29,74
126,182,30,75
128,182,29,73
127,179,30,75
128,179,29,72
131,181,29,72
131,181,29,74
133,181,29,74
134,182,29,73
134,182,30,75
135,180,30,76
136,180,31,78
138,181,31,78
139,181,31,77
139,182,30,75
140,180,31,77
141,179,31,78
143,179,31,78
145,180,30,75
145,179,31,77
146,179,31,78
147,179,31,78
148,180,31,77
148,180,30,76
148,180,30,76
147,179,31,78
147,180,31,77
147,180,30,76
147,182,29,74
147,181,30,75
146,183,29,74
145,182,30,75
145,183,30,75
145,182,30,75
146,182,30,76
146,182,30,76
146,182,31,77
147,183,30,75
146,182,30,75
147,183,30,75
146,182,31,77
146,182,30,76
147,183,30,75
147,183,30,75
147,183,30,75
147,184,30,75
148,184,29,74
149,184,30,76
149,184,30,76
150,184,30,76
152,184,31,77
153,185,30,75
152,184,31,77
154,184,31,78
155,184,30,76
155,184,30,75
155,183,31,77
155,183,31,78
155,183,31,77
155,184,31,77
155,185,30,75
155,186,30,75
154,185,31,78
154,186,30,76
154,186,30,75
154,187,30,75
154,186,31,77
154,185,31,77
154,184,31,78
155,184,31,78
156,184,31,78
157,183,32,79
157,184,31,78
159,185,31,77
160,185,31,78
161,185,31,78
163,186,31,78
164,186,31,78
165,186,31,78
164,187,31,78
164,186,31,78
164,187,31,77
163,188,31,78
162,188,30,76
159,188,31,78
158,188,31,78
157,188,31,77
156,188,31,78
155,188,31,78
155,189,31,77
154,189,31,78
153,189,31,78
152,189,32,79
152,190,31,78
153,190,31,78
153,190,31,78
154,190,31,78
154,190,31,77
154,189,31,78
154,189,31,78
154,189,31,78
154,189,31,78
154,189,31,78
154,189,32,79
154,190,31,78
154,189,32,79
153,188,33,82
154,189,32,80
154,189,31,78
154,189,32,79
154,189,31,78
155,190,31,78
155,190,31,78
155,190,31,78
155,190,31,78
155,190,31,78
154,190,31,78
154,191,31,77
152,191,31,77
151,191,31,77
148,192,31,78
148,193,30,75
144,193,31,78
143,193,31,78
141,194,31,78
137,193,32,80
136,193,32,79
134,193,32,80
133,193,32,79
132,193,31,78
130,194,32,79
130,194,31,78
127,195,32,81
127,195,31,78
125,194,32,80
124,194,32,81
123,194,33,82
121,195,32,80
121,195,31,78
119,195,31,78
118,195,31,78
116,195,31,78
114,196,31,78
112,197,32,81
110,197,32,81
108,197,32,81
106,196,32,80
103,196,33,82
102,197,32,81
99,200,32,80
99,200,31,78
98,200,31,78
95,200,31,78
93,202,31,78
92,203,31,78
92,203,31,78
90,202,32,80
89,203,31,78
87,202,32,79
84,202,31,78
83,203,31,78
81,204,31,78
79,203,32,79
78,204,31,78
75,205,32,80
73,204,32,81
69,204,33,82
69,206,32,80
66,204,32,81
65,205,32,80
64,206,31,78
62,206,32,81
61,206,32,81
59,207,32,80
57,207,32,81
56,208,32,79
54,207,33,82
52,208,32,81
52,209,32,80
50,207,33,82
49,208,32,81
48,208,32,80
45,210,32,80
44,211,32,79
40,210,33,82
39,211,32,81
38,210,33,82
36,212,33,82
36,212,33,82
36,214,32,80
35,214,33,82
36,216,32,81
36,215,32,81
38,217,32,81
38,216,33,82
39,216,32,81
40,216,32,81
39,216,33,83
39,215,33,83
41,217,32,81
41,217,33,83
42,218,34,84
44,219,34,85
44,219,34,85
44,218,35,87
47,218,34,85
48,218,34,85
50,218,35,88
52,219,34,86
57,222,34,85
58,222,35,88
61,222,34,86
65,223,34,85
67,222,34,85
70,222,35,88
73,223,35,88
75,224,35,87
76,225,35,88
79,226,35,87
83,227,35,88
83,226,36,91
87,226,36,89
88,226,36,89
92,228,36,89
96,230,35,88
98,231,36,89
103,232,35,88
105,233,35,88
109,233,34,86
111,233,34,86
114,234,35,88
115,236,35,87
118,237,35,88
120,240,34,85
123,240,34,86
124,240,35,87
128,242,34,85
128,240,35,87
131,241,35,88
132,242,35,88
136,244,35,88
141,246,35,88
143,245,35,88
145,246,35,88
149,245,36,89
151,246,35,88
154,247,36,89
156,247,36,89
159,249,36,89
161,251,35,87
165,254,35,88
167,254,36,89
171,254,35,88
171,252,36,90
175,252,37,92
177,253,37,92
181,255,37,92
186,255,38,95
188,256,37,93
189,255,37,94
194,254,37,94
196,254,38,95
199,254,39,98
201,255,39,98
203,256,39,98
206,258,39,98
209,259,39,97
213,260,39,98
214,260,39,98
217,260,39,98
218,259,40,100
221,260,39,99
222,260,40,101
225,263,39,98
230,263,40,101
235,264,41,103
239,266,40,100
241,265,40,101
246,265,40,102
249,264,40,102
250,265,40,101
254,267,40,101
256,266,40,102
258,269,39,99
260,269,40,102
264,269,40,101
265,270,39,99
268,270,40,101
269,271,39,99
271,271,40,102
273,271,40,102
275,271,41,104
278,274,40,101
281,275,40,101
282,275,40,101
284,275,41,103
285,275,40,102
287,275,40,102
287,275,40,102
290,276,40,101
293,275,41,103
295,276,40,100
298,276,40,100
299,275,40,101
301,275,40,100
301,274,40,102
302,275,40,100
302,275,39,99
302,276,39,97
302,276,39,98
301,274,39,99
300,274,39,98
299,273,39,98
297,270,40,100
296,269,40,101
296,270,39,98
294,268,40,100
293,269,39,98
292,267,40,100
291,267,39,97
290,266,39,99
290,265,38,96
288,264,38,96
287,262,38,96
286,261,39,99
284,262,38,96
282,262,38,96
280,261,39,97
279,262,38,95
276,261,37,92
275,259,38,95
271,255,39,97
271,256,38,95
268,256,37,94
265,254,39,97
264,255,37,94
262,254,38,96
259,254,37,93
257,251,37,93
255,250,37,94
252,251,37,92
250,250,37,93
246,250,37,93
244,250,37,94
243,251,37,92
239,249,36,90
238,248,36,91
234,244,37,93
233,244,37,92
230,244,37,92
229,243,36,91
226,242,37,93
225,242,37,93
221,242,37,92
217,240,36,90
216,239,36,89
212,236,37,92
211,237,36,89
208,236,36,89
207,235,36,89
204,233,37,92
203,232,37,92
200,232,36,90
199,232,35,88
196,229,36,91
195,229,37,92
194,230,37,92
193,229,37,94
192,229,37,93
192,230,37,92
191,228,37,92
190,227,37,92
187,225,37,94
187,225,37,93
186,226,36,90
184,225,37,93
184,226,37,92
182,225,37,92
179,225,37,92
175,224,37,92
170,221,38,95
170,222,37,92
170,221,36,91
166,219,37,94
165,217,39,97
161,231,39,98
159,232,39,98
160,221,40,101
162,220,40,102
162,218,41,104
161,214,40,102
161,214,39,99
157,213,38,96
157,214,37,93
153,216,36,90
153,217,35,88
150,215,36,91
149,215,35,88
147,214,35,88
145,211,35,88
143,210,36,90
142,210,36,89
140,211,35,88
138,210,36,90
135,211,35,88
133,209,36,90
130,209,35,88
129,208,35,87
125,207,36,89
124,207,35,88
120,208,35,88
118,208,36,89
114,207,35,87
112,206,35,87
109,204,34,86
107,203,34,85
105,203,34,85
103,202,34,86
101,204,34,84
99,204,33,83
96,204,33,82
94,203,33,83
91,201,34,85
88,201,33,83
86,200,33,83
83,200,34,84
82,200,33,83
79,200,33,83
77,199,33,83
75,197,33,83
74,197,33,82
72,195,33,82
71,195,33,82
70,195,33,82
68,197,32,81
66,196,32,81
64,195,33,83
62,193,33,82
59,192,33,82
57,195,32,80
52,193,33,82
51,194,32,80
48,193,33,82
45,191,33,82
45,192,32,79
43,191,32,80
41,190,32,81
40,189,33,82
39,192,32,79
38,193,31,78
35,191,32,80
33,189,33,82
31,188,32,81
29,187,33,82
26,188,33,82
25,188,32,80
21,188,32,81
20,188,31,78
19,187,32,79
16,187,31,78
15,187,31,78
13,185,32,80
12,185,31,78
10,185,31,78
9,186,31,78
8,186,31,78
7,185,32,79
4,185,31,78
4,184,31,78
3,183,32,79
2,183,31,77
0,183,31,77
-0,183,31,77
-2,183,30,76
-3,182,31,78
-4,181,31,78
-4,180,31,77
-3,180,31,78
-2,180,31,77
-2,180,31,77
-1,180,31,78
-1,181,30,75
1,181,29,74
2,179,30,75
4,179,30,75
6,178,30,75
7,178,30,75
9,178,29,73
10,177,29,74
12,177,29,74
12,177,29,73
13,177,29,72
13,176,29,72
15,176,30,75
16,176,29,74
17,176,29,74
18,177,29,74
20,177,29,73
22,177,29,74
24,178,29,74
26,177,30,75
27,178,30,75
29,178,29,73
30,178,29,74
33,179,29,74
34,179,29,74
37,179,29,73
39,178,30,75
42,178,30,75
45,178,30,75
47,178,29,74
49,178,30,75
51,179,30,75
53,180,30,75
54,180,30,75
55,181,30,75
56,180,30,75
57,180,30,75
58,180,30,75
60,181,29,74
60,180,30,76
62,181,29,74
64,181,30,75
66,182,30,75
68,182,30,75
70,182,30,76
71,180,31,78
74,180,31,78
75,181,30,76
77,182,30,75
78,181,30,75
78,182,30,76
79,183,31,77
79,184,31,78
79,184,30,75
79,183,31,78
79,183,31,78
80,184,32,80
81,184,32,80
81,185,32,80
82,185,32,80
83,184,33,82
85,186,32,80
86,186,32,80
88,187,32,80
89,187,32,80
90,187,32,80
90,186,31,78
90,187,32,80
90,187,32,81
89,187,32,81
88,188,32,80
88,189,31,78
87,189,31,78
87,188,32,79
86,189,31,78
87,190,31,78
87,191,31,78
88,191,31,78
88,191,32,79
89,191,32,79
89,191,31,78
89,191,31,78
89,191,31,78
88,192,31,78
88,192,32,79
87,194,32,79
86,194,32,81
85,194,32,80
84,194,32,80
84,194,32,79
83,194,32,80
83,195,32,80
83,195,32,81
83,196,32,81
83,196,33,82
83,197,33,82
84,197,33,82
84,196,33,83
84,196,33,82
85,197,32,80
84,197,33,82
84,199,33,82
84,199,33,83
84,201,33,82
84,200,33,83
84,200,33,83
84,200,33,83
86,201,33,83
86,201,33,83
88,203,33,82
88,203,33,83
91,205,33,83
92,205,33,83
94,205,33,82
96,204,33,83
97,205,33,82
99,206,34,84
99,206,34,86
101,208,34,85
102,209,34,84
104,209,34,84
104,208,34,86
107,209,34,85
109,208,35,87
111,209,35,87
114,210,34,85
116,211,35,88
118,211,35,87
122,212,34,86
125,211,35,87
126,211,35,88
129,212,34,86
130,212,35,87
133,214,34,86
134,215,35,88
136,216,35,87
138,217,35,88
139,217,35,87
142,216,35,88
144,216,35,88
145,216,35,88
148,218,35,87
152,219,35,87
155,219,35,88
158,219,35,88
159,217,36,91
162,218,36,89
163,218,36,90
165,219,36,89
166,219,36,91
168,221,36,90
170,222,37,92
172,223,37,92
173,223,37,92
176,223,37,92
177,223,37,92
180,224,36,91
182,225,36,91
183,225,37,94
186,227,37,92
187,226,36,91
188,226,36,91
188,226,37,92
189,226,36,91
189,227,37,92
187,228,38,95
187,229,37,94
184,230,37,94
183,231,37,92
180,230,37,94
180,230,38,95
180,230,37,93
180,231,37,92
179,231,38,95
178,232,38,95
176,232,39,98
176,232,40,100
174,231,40,100
173,232,39,98
171,232,40,100
170,232,40,100
168,233,39,98
165,233,38,95
162,233,39,97
161,233,39,98
161,235,38,95
157,235,38,95
151,232,39,98
150,232,38,95
147,231,37,94
144,231,38,95
139,230,39,97
135,231,38,95
133,232,38,95
130,232,38,95
124,233,38,95
121,232,39,98
116,231,38,95
112,230,37,94
107,228,37,94
104,228,38,95
100,228,38,95
96,228,38,95
93,228,37,92
85,227,36,90
80,226,36,91
73,225,36,90
67,225,36,91
62,225,37,94
56,226,37,94
52,227,38,95
49,227,37,94
43,226,37,92
35,224,36,91
32,224,37,92
25,223,37,92
22,225,36,89
12,225,35,88
3,224,36,90
-5,224,36,90
-9,223,37,92
-12,223,38,95
-13,222,37,94
-11,223,37,92
-9,225,36,90
-10,224,36,91
-8,226,35,88
-8,225,36,90
-9,224,36,90
-10,224,37,92
-11,223,37,94
-10,224,36,91
-10,224,36,91
-9,224,36,91
-10,224,36,91
-9,224,36,91
-10,224,37,92
-9,224,37,92
-9,225,37,92
-9,225,36,91
-9,224,36,91
-9,225,36,90
-9,224,37,92
-9,225,36,91
-9,225,36,91
-7,225,36,90
-9,225,36,91
-8,225,36,91
-8,228,36,89
-7,225,36,89
-7,225,37,92
-7,225,37,92
-9,225,36,91
-8,225,37,92
-8,225,36,90
-8,228,35,88
-7,226,35,88
-8,224,36,91
-9,225,36,91
-7,227,35,88
-9,225,36,90
-8,224,36,91
-8,225,36,91
-8,224,36,91
-8,225,37,92
-8,225,36,91
-9,224,37,92
-8,224,36,91
-9,225,36,90
-8,224,37,92
-8,225,37,92
-8,226,36,89
-8,226,36,89
