207,154,19,49
209,156,19,49
209,155,19,50
209,156,19,48
210,156,17,48
209,155,17,49
209,156,20,51
209,155,20,51
209,153,22,55
208,152,22,54
208,152,22,54
208,152,22,54
208,152,22,54
209,152,22,54
209,152,22,54
209,152,22,54
211,156,21,52
211,156,21,52
210,154,21,51
211,157,22,50
210,155,23,52
210,155,22,51
210,156,22,49
212,156,21,53
211,153,21,53
210,153,22,55
212,155,21,54
212,155,21,56
213,156,19,55
213,157,19,54
213,155,20,54
213,154,19,58
213,156,19,55
213,155,20,55
213,157,21,55
213,155,20,57
213,156,19,55
214,155,19,56
213,155,21,57
213,155,20,55
213,154,20,60
212,155,21,56
214,156,20,57
213,157,20,54
213,157,20,54
214,156,20,54
213,158,21,56
213,157,21,58
213,154,21,59
213,154,21,58
213,154,21,59
213,159,21,56
213,159,21,56
212,159,20,56
213,156,20,57
213,155,20,57
213,156,20,55
213,158,19,57
213,155,19,58
213,157,20,58
213,159,20,57
213,157,19,59
213,160,21,55
213,160,21,54
212,157,21,55
213,159,20,55
214,161,19,53
214,163,20,50
213,164,21,48
214,161,20,53
214,163,20,51
214,162,21,53
214,162,19,52
214,160,19,53
213,160,21,56
214,161,21,56
214,161,21,56
214,164,21,53
214,162,20,51
215,164,20,53
215,163,20,56
214,162,23,56
214,161,22,58
214,158,23,60
215,163,21,54
214,163,23,55
214,162,22,56
215,164,22,54
214,163,22,56
214,161,22,56
214,163,21,55
214,164,22,54
214,161,22,55
214,162,22,53
214,161,22,59
215,164,22,55
215,164,21,54
215,163,21,55
214,162,22,58
215,161,22,58
214,165,22,55
215,163,22,55
214,165,22,56
214,164,23,57
213,163,23,57
213,165,22,54
213,165,23,56
214,166,21,55
214,165,22,57
214,163,22,56
214,163,22,57
214,162,22,58
215,164,22,57
214,163,22,58
215,164,22,57
215,167,19,54
213,167,22,55
214,167,21,56
215,165,21,55
213,167,23,57
213,164,23,57
213,169,22,52
214,168,20,54
214,168,21,56
214,167,20,56
213,168,23,55
213,165,24,57
213,166,23,56
213,167,23,56
213,167,23,56
213,166,24,57
213,171,24,51
212,168,24,52
213,169,24,52
212,169,24,52
213,170,24,51
212,171,24,50
212,173,23,52
212,171,23,55
213,170,22,55
212,171,22,55
212,172,22,54
211,172,23,54
213,170,23,55
213,170,23,55
213,171,23,55
211,174,24,52
212,172,24,53
211,171,25,54
212,171,24,53
212,170,25,54
211,170,23,55
211,172,24,55
210,171,26,56
210,172,25,54
212,173,20,54
213,173,20,55
210,172,23,56
211,174,21,53
212,173,21,54
212,173,21,52
211,174,21,54
211,172,21,57
210,173,22,56
211,173,22,57
211,173,22,57
208,174,25,55
208,174,24,54
210,175,24,53
208,174,25,56
207,174,25,57
210,175,21,57
207,175,26,57
208,174,26,57
207,174,25,56
208,173,22,59
206,175,25,56
207,174,24,56
208,176,22,56
207,175,24,56
206,177,24,54
207,176,25,56
205,176,27,56
206,176,25,57
206,176,25,58
207,176,23,59
207,174,24,61
207,177,22,59
206,177,23,59
206,175,24,61
206,175,24,61
206,176,23,60
206,177,23,61
206,177,22,59
206,178,24,58
206,178,24,57
205,178,24,57
205,179,23,57
206,179,23,56
206,178,23,56
206,178,23,58
205,178,23,58
202,180,27,57
202,180,27,59
203,180,26,58
202,179,27,60
202,180,25,58
202,180,25,58
203,180,23,58
203,179,23,59
201,181,26,56
201,181,26,57
201,182,26,56
200,182,25,57
200,184,26,54
200,181,26,57
200,181,26,58
200,180,27,59
198,184,27,54
200,183,25,57
199,183,26,57
196,184,28,56
196,184,29,56
197,183,25,57
196,185,27,56
194,185,28,55
195,185,28,54
196,185,25,55
197,186,24,53
196,184,23,57
194,187,26,54
194,187,26,54
194,188,26,53
194,187,26,53
194,187,26,53
191,187,29,57
192,185,27,61
192,189,25,59
192,186,26,60
191,186,26,62
192,187,24,60
189,188,28,57
189,187,28,58
190,188,27,58
190,188,27,59
190,189,26,59
190,189,26,58
191,189,25,58
189,189,26,60
189,188,27,61
189,187,27,62
189,187,27,61
188,188,27,62
188,188,27,60
187,189,27,62
187,189,27,61
187,189,27,61
188,193,25,61
187,189,25,62
184,191,29,62
186,191,26,61
186,190,26,61
186,190,26,60
186,190,26,60
185,191,26,60
185,190,26,61
185,190,26,61
184,189,27,63
184,189,28,65
183,191,28,69
182,188,28,68
181,196,28,62
181,195,28,64
181,198,28,59
181,196,26,62
181,192,26,62
180,192,26,62
180,196,26,61
180,195,26,62
180,194,26,62
180,196,25,62
179,199,27,57
179,200,28,56
178,197,28,57
178,197,28,57
178,195,26,65
178,196,26,65
176,199,27,64
177,200,27,63
177,200,27,63
176,197,27,64
175,198,27,64
177,199,24,61
174,199,27,61
174,199,27,60
176,200,24,62
175,204,23,58
175,201,23,58
175,202,23,58
175,202,23,59
173,201,25,63
174,202,23,63
173,200,23,64
172,203,25,63
172,203,24,64
171,202,24,63
170,201,24,65
169,203,26,64
167,200,27,68
167,203,27,64
168,204,26,62
168,206,25,61
167,205,24,64
168,206,24,62
167,206,25,62
163,205,29,64
163,205,28,65
166,208,23,64
164,205,25,69
165,204,25,68
164,204,25,70
162,207,25,67
162,206,25,66
161,209,26,63
159,210,27,62
159,208,26,65
159,210,26,62
159,210,24,65
159,208,25,69
158,212,25,63
156,211,27,66
156,209,27,68
154,210,27,68
155,209,25,71
152,214,28,66
152,210,28,67
151,211,28,67
149,210,29,69
148,209,30,71
147,209,30,71
144,214,33,68
144,210,33,68
145,214,30,67
145,212,30,67
145,212,30,67
145,216,27,65
145,214,27,65
142,217,31,65
143,217,29,67
143,213,29,67
142,217,29,67
142,217,28,69
143,219,26,65
141,216,27,66
142,218,25,64
140,218,27,66
138,216,27,65
138,216,27,65
137,215,29,68
135,215,29,68
137,216,26,67
137,217,26,67
136,217,26,66
134,219,29,65
135,216,27,68
135,216,28,69
134,216,28,69
134,216,27,69
133,217,27,67
132,219,26,67
132,219,26,69
130,218,27,71
129,218,26,70
129,217,27,71
128,216,27,73
127,216,28,73
126,219,27,67
125,220,27,70
124,222,28,68
125,222,27,67
123,222,29,67
122,221,30,68
121,222,30,70
121,221,30,73
121,220,30,73
122,221,29,72
120,225,29,67
118,224,30,68
116,223,30,70
115,223,31,71
114,223,30,70
113,223,30,70
112,223,30,70
114,226,26,67
112,226,26,69
112,226,27,70
110,226,28,70
109,228,27,68
111,228,26,66
108,228,29,68
108,227,28,70
107,227,28,70
107,227,28,70
106,228,28,69
105,229,28,70
103,228,28,70
102,229,27,69
101,228,26,71
98,228,29,70
98,228,30,72
99,230,25,67
100,230,24,69
100,230,24,70
98,231,25,72
95,231,27,70
94,227,28,78
93,227,28,78
93,227,27,80
93,230,27,77
92,231,28,73
86,235,35,73
85,235,36,74
85,234,34,77
86,234,31,78
84,231,31,79
83,235,31,76
82,233,31,76
81,234,33,74
80,235,33,73
77,237,36,71
77,237,34,73
75,237,36,73
74,238,34,76
75,237,31,75
74,238,32,75
73,240,33,74
72,237,33,74
70,237,34,75
68,237,34,76
68,239,33,75
63,240,37,78
65,238,32,78
62,237,36,82
62,238,34,79
62,239,31,77
60,239,34,79
60,239,31,78
56,240,35,78
54,242,36,76
51,240,40,80
51,241,38,79
50,242,39,78
49,241,40,80
49,243,39,78
45,247,43,76
44,246,43,76
42,244,44,78
41,244,46,81
42,247,40,76
40,245,41,78
40,245,40,77
41,243,35,82
38,244,38,83
39,245,38,83
36,246,39,81
36,247,39,80
36,249,36,78
33,247,38,82
33,250,37,80
32,251,38,78
32,254,35,74
30,252,39,80
29,254,38,76
26,252,39,78
25,252,38,81
22,249,39,86
22,250,40,86
21,249,40,86
20,250,36,86
20,252,36,83
19,255,37,79
18,254,36,83
14,253,39,85
16,253,35,87
14,255,37,83
10,254,39,87
9,256,39,84
7,261,41,82
