157,175,13,12
158,175,13,12
158,175,13,12
158,175,13,12
159,177,13,12
160,177,13,12
159,177,13,12
159,177,13,12
160,177,13,12
160,177,13,12
161,177,13,12
162,177,14,13
162,176,14,13
163,176,14,12
164,177,14,13
165,177,14,12
166,178,13,12
168,178,13,12
169,178,13,12
169,178,13,12
169,177,13,12
170,177,13,12
170,177,13,12
171,178,13,12
172,179,13,12
172,180,13,12
173,180,13,12
173,180,13,12
174,179,13,12
175,179,13,12
176,179,13,12
176,179,13,12
177,179,13,12
178,180,13,12
179,180,13,12
180,181,13,12
180,181,13,12
181,181,13,12
182,180,13,12
183,180,13,12
183,179,13,12
183,180,13,12
184,179,13,12
184,179,13,12
185,179,13,12
186,179,13,12
186,179,13,12
187,179,13,12
187,179,13,12
186,181,13,12
187,181,13,12
188,181,13,12
188,182,13,12
188,182,13,12
189,183,13,12
190,183,13,12
190,183,13,12
191,183,13,12
191,183,13,12
191,182,13,12
191,182,13,12
192,183,13,12
192,183,13,12
192,184,13,12
192,184,13,12
192,185,13,12
192,185,13,12
192,184,13,12
192,184,13,12
193,184,13,12
193,184,13,12
194,185,13,12
194,185,13,12
195,185,13,12
196,186,13,12
196,186,13,12
197,186,13,12
198,185,13,12
199,185,13,12
199,185,13,12
199,185,13,12
199,185,13,12
199,186,13,12
199,187,13,12
199,187,13,12
199,187,13,12
199,187,13,12
200,187,13,12
200,186,13,12
201,186,13,12
201,187,13,12
202,187,13,12
202,187,13,12
203,188,13,12
203,188,13,12
204,189,13,12
205,189,13,12
205,188,13,12
205,188,13,12
206,188,13,12
206,188,13,12
206,188,13,12
206,189,13,12
206,189,13,12
206,190,13,12
206,190,13,12
206,190,13,12
206,191,13,12
206,191,13,12
206,190,13,12
206,190,13,12
206,190,13,12
207,190,13,12
207,191,13,12
207,192,13,12
208,192,13,12
208,192,13,12
208,192,13,12
208,192,13,12
209,192,13,12
209,192,13,12
209,192,13,12
209,192,13,12
208,192,13,12
208,193,13,12
208,193,13,12
208,194,13,12
207,194,13,12
207,194,13,12
207,194,13,12
207,193,13,12
207,193,13,12
207,194,13,12
207,194,13,12
208,194,13,12
208,195,13,12
208,195,13,12
208,195,13,12
209,196,13,12
209,196,13,12
209,196,13,12
209,195,13,12
209,195,13,12
208,195,13,12
208,195,13,12
208,196,13,12
208,197,13,12
207,197,13,12
206,198,13,12
205,198,13,12
205,198,13,12
205,197,13,12
205,197,13,12
205,197,13,12
205,197,13,12
205,197,13,12
205,198,13,12
205,199,13,12
205,199,13,12
205,199,13,12
205,199,13,12
205,199,13,12
205,199,13,12
205,199,13,12
204,199,13,12
203,199,13,12
203,200,13,12
203,200,13,12
202,201,13,12
202,202,13,12
201,202,13,12
201,202,13,12
201,201,13,12
200,201,13,12
200,201,13,12
201,201,13,12
201,201,13,12
201,202,13,12
201,203,13,12
201,203,13,12
201,203,13,12
202,204,13,12
202,203,13,12
202,203,13,12
202,203,13,12
201,203,13,12
201,204,13,12
201,205,13,12
201,205,13,12
200,205,13,12
200,206,13,12
199,206,13,12
199,205,13,12
199,205,13,12
199,205,13,12
199,205,13,12
199,205,13,12
199,206,13,12
200,207,13,12
200,208,13,12
200,208,13,12
201,208,13,12
201,208,13,12
201,207,13,12
201,207,13,12
201,207,13,12
200,208,13,12
200,208,13,12
200,208,13,12
200,209,13,12
199,210,13,12
199,210,13,12
198,210,13,12
198,210,13,12
198,210,13,12
198,210,13,12
198,210,13,12
199,210,13,12
199,211,13,12
199,211,13,12
199,212,13,12
199,212,13,12
200,213,13,12
200,212,13,12
200,212,13,12
200,212,13,12
200,212,13,12
200,212,13,12
199,213,13,12
199,213,13,12
199,214,13,12
199,215,13,12
198,215,13,12
198,215,13,12
197,215,13,12
197,215,13,12
197,214,13,12
197,214,13,12
197,215,13,12
197,215,13,12
197,216,13,12
197,216,13,12
197,216,13,12
198,217,14,13
198,217,14,13
198,216,14,13
197,216,14,13
197,215,15,13
197,216,14,13
197,217,14,13
197,217,14,13
196,218,14,13
195,219,14,13
195,219,14,13
195,219,14,13
195,219,14,13
194,219,15,13
195,219,14,13
195,218,14,13
195,218,14,13
195,219,14,13
196,220,14,13
196,221,14,13
197,221,14,13
197,222,14,13
198,221,14,13
198,221,14,13
198,221,14,13
198,221,14,13
199,221,14,13
198,222,14,13
199,222,14,13
199,223,14,13
199,224,14,13
198,225,14,13
198,225,14,13
198,225,14,13
199,224,14,13
199,224,14,13
199,224,14,13
200,224,14,13
200,225,14,13
201,226,14,13
201,227,14,13
202,227,14,13
202,227,14,13
203,227,14,13
203,227,14,13
204,227,14,13
203,226,14,13
204,226,14,13
204,227,14,13
204,228,14,13
204,229,14,13
204,230,14,13
203,230,14,13
203,230,14,13
203,230,14,13
203,230,14,13
204,230,14,13
204,230,14,13
204,230,14,13
204,230,14,13
205,231,14,13
205,232,14,13
206,233,14,13
207,233,14,13
207,233,14,13
207,233,14,13
208,232,14,13
208,232,14,13
208,232,14,13
208,233,14,13
208,234,14,13
207,235,14,13
207,235,14,13
207,236,14,13
206,236,14,13
206,236,14,13
206,236,14,13
206,236,14,13
205,235,15,13
206,236,14,13
206,237,14,13
206,237,15,13
206,238,15,14
206,239,15,14
206,239,16,14
207,239,16,15
207,238,17,15
207,238,16,15
206,238,17,15
206,238,17,15
206,238,16,15
206,238,17,15
205,240,16,15
205,240,17,15
204,240,17,16
203,241,17,15
203,241,16,15
202,241,17,15
203,241,16,15
202,241,17,15
203,241,17,16
204,241,17,15
205,242,16,15
205,243,16,15
206,243,17,15
207,243,17,16
208,243,18,16
209,243,17,16
209,243,18,16
210,243,17,16
210,243,17,16
211,243,17,16
211,244,17,16
211,244,17,16
211,245,17,15
211,246,17,16
211,246,17,15
211,246,17,15
211,246,16,15
212,245,17,15
212,245,17,16
212,246,17,16
213,246,18,16
214,247,18,17
215,248,18,16
215,248,18,17
216,248,18,17
217,249,18,17
218,248,18,17
219,248,18,17
219,247,18,17
219,247,18,17
219,248,18,16
219,249,18,17
219,249,18,17
219,250,18,17
219,251,19,18
218,251,19,18
218,251,19,18
218,251,19,18
218,251,19,18
219,251,19,18
220,251,18,17
220,251,19,18
221,252,19,18
222,253,18,17
223,254,18,17
224,255,18,17
225,255,18,17
226,255,18,17
227,255,18,16
227,254,18,16
227,254,18,17
227,254,18,17
227,255,19,17
228,256,18,17
228,257,18,17
228,257,18,17
228,258,19,18
229,258,18,17
229,259,18,17
230,258,18,17
231,258,19,18
232,257,19,18
233,257,19,18
235,258,18,17
236,259,18,17
239,260,18,17
240,261,18,17
242,261,18,17
243,261,18,17
246,261,18,17
247,261,18,16
248,260,18,16
249,261,17,16
250,261,17,15
250,262,17,16
250,263,18,16
251,264,18,16
251,264,18,17
251,265,18,17
252,265,18,17
252,264,19,17
253,264,19,18
255,264,19,18
255,264,19,17
257,264,18,17
259,266,18,16
260,267,18,17
261,267,19,17
263,268,18,17
265,269,18,17
267,269,18,17
267,268,19,18
267,267,20,18
268,267,20,18
269,268,20,18
270,268,20,18
270,270,20,18
270,271,20,18
270,271,20,18
270,272,20,18
270,272,20,18
270,273,19,18
271,273,18,17
271,272,19,17
272,272,19,18
274,272,19,18
274,272,20,18
275,274,20,18
277,275,20,18
278,276,19,18
279,276,19,18
281,277,19,18
281,276,20,18
282,276,19,18
282,276,19,18
282,276,20,18
282,277,20,18
282,278,20,18
282,279,20,18
282,279,20,18
282,281,20,18
281,281,20,18
281,281,20,18
282,281,20,18
282,281,20,19
283,280,21,19
284,281,21,19
285,282,21,19
285,283,21,19
286,284,21,19
288,285,21,19
289,286,21,19
291,285,21,19
292,286,21,19
294,291,21,19
295,292,20,18
297,293,21,19
300,296,21,19
302,298,20,19
304,298,20,18
305,298,20,18
305,297,20,18
307,297,19,18
306,297,19,17
307,297,19,18
306,299,20,18
306,299,20,18
306,301,20,18
306,301,20,18
306,303,19,18
307,304,19,18
306,304,19,18
307,303,20,18
308,303,20,19
309,303,21,19
311,304,20,19
312,305,21,19
313,306,21,19
314,307,21,20
316,308,21,19
318,309,21,19
319,309,20,19
321,310,20,18
321,309,20,19
322,309,21,19
322,309,20,19
321,309,21,19
321,311,21,20
321,312,22,20
322,314,21,20
321,314,22,20
321,315,22,20
321,315,22,21
322,315,23,21
323,314,22,21
323,314,22,21
325,315,22,21
326,316,22,20
327,317,22,20
328,319,22,20
329,320,22,20
331,321,22,21
333,322,23,21
333,321,24,22
334,321,23,21
335,321,23,21
335,320,23,21
335,321,24,22
335,321,24,22
335,324,24,22
335,325,25,23
335,326,25,23
335,327,24,22
336,328,24,22
336,328,25,23
337,328,24,22
339,327,24,22
339,327,25,23
341,328,26,24
342,329,26,24
343,329,26,24
346,332,26,24
347,334,26,24
348,333,26,24
351,335,26,24
353,335,26,24
355,335,26,24
356,335,26,24
357,334,26,24
358,335,25,23
358,336,26,24
359,338,26,24
360,340,26,24
361,341,27,25
362,343,26,24
363,343,26,24
364,343,26,24
365,343,26,24
367,342,27,25
368,342,27,25
370,343,28,26
371,344,27,25
374,347,27,25
375,348,28,26
378,350,27,25
381,351,27,25
382,350,27,25
385,350,27,25
385,350,27,25
387,351,27,25
387,352,27,25
388,355,28,26
389,357,27,25
389,358,28,26
390,360,27,25
390,360,28,26
391,360,29,27
392,360,29,27
395,361,29,26
396,360,29,27
398,361,29,27
400,363,28,26
402,365,28,26
404,368,27,25
407,369,28,26
408,369,29,27
411,370,29,26
413,371,28,26
415,370,28,26
416,370,29,27
417,371,28,26
417,372,29,27
419,375,28,26
420,377,28,26
421,379,28,26
422,380,29,27
423,381,29,27
424,380,30,27
426,381,29,27
428,380,29,27
430,381,29,27
432,382,30,27
434,384,29,27
437,387,28,26
439,388,29,27
442,390,29,27
444,390,30,28
447,391,30,27
449,392,29,27
450,391,30,27
451,391,30,28
452,392,30,28
453,393,31,28
454,395,31,29
456,398,32,30
456,400,32,30
458,402,31,29
460,402,31,29
461,403,31,29
463,402,31,29
464,402,32,30
468,403,33,30
470,403,33,31
472,405,33,31
475,407,34,31
479,409,34,32
483,412,33,31
486,413,33,31
491,413,34,32
494,414,33,31
496,414,33,31
499,414,33,31
501,416,33,31
503,417,34,32
505,420,35,32
507,422,34,32
509,424,34,32
510,425,34,32
512,426,34,32
516,427,33,31
519,427,33,31
523,428,33,30
525,427,34,31
529,429,33,31
531,431,34,32
534,433,34,32
539,436,36,33
542,436,36,33
545,439,36,33
551,440,35,32
554,440,34,32
556,440,35,32
