447,151,27,86
445,151,27,86
440,153,27,86
437,156,27,86
432,159,28,88
430,161,27,86
428,160,28,89
424,161,28,89
421,163,28,89
416,167,28,89
414,169,28,89
410,172,27,86
407,172,28,89
403,175,27,86
401,176,27,86
397,177,28,88
393,178,27,86
390,178,27,87
387,179,27,86
384,180,27,86
380,182,28,88
377,185,28,89
372,187,28,89
369,189,28,88
363,189,28,88
361,188,28,89
358,187,28,89
354,188,27,86
351,189,27,87
346,192,27,85
343,193,27,86
339,193,27,86
334,195,27,86
331,194,27,86
329,194,27,87
325,192,27,87
323,192,27,86
321,192,27,86
317,194,27,86
313,194,28,89
309,195,29,91
308,200,28,89
304,203,28,89
301,203,28,89
297,203,28,90
294,202,29,91
290,202,29,92
287,202,30,94
285,206,29,91
283,211,29,91
279,215,28,89
278,217,27,87
274,215,28,89
271,216,28,89
267,214,29,91
264,217,28,89
262,218,29,92
258,224,29,91
255,226,29,91
251,229,29,92
248,228,29,93
244,230,29,92
242,233,28,89
238,236,28,89
236,238,28,89
232,239,28,89
228,239,29,91
226,239,30,94
223,242,30,94
220,245,29,91
217,248,29,92
215,248,30,95
211,247,30,94
207,245,30,96
206,248,30,95
201,250,30,95
199,255,29,92
196,256,29,92
192,255,30,95
189,255,30,94
187,256,29,93
187,257,29,93
183,257,30,95
179,258,30,96
179,263,29,93
178,267,29,91
174,267,29,93
172,267,29,93
170,268,29,91
170,268,30,94
166,267,30,95
165,268,29,93
163,271,30,94
157,273,29,93
154,276,29,91
153,277,29,91
150,277,29,91
149,278,28,90
148,278,29,91
146,280,28,89
143,279,28,90
142,281,28,90
139,281,29,93
136,283,28,90
136,285,29,91
135,285,29,91
132,286,29,91
130,286,30,94
127,286,29,93
128,287,29,91
127,288,30,94
126,289,30,95
124,290,30,96
122,290,31,98
120,291,32,101
118,293,31,99
116,295,31,100
113,298,32,103
112,298,33,106
110,296,34,109
109,297,34,109
108,298,34,107
106,297,34,109
105,299,33,106
104,300,34,109
102,302,34,107
101,304,33,106
99,306,33,106
97,308,33,106
96,310,33,106
95,310,34,109
94,310,35,110
92,310,34,109
91,308,35,113
90,308,36,114
91,308,36,115
87,310,36,114
86,310,36,114
82,309,36,116
81,310,36,116
79,310,36,116
89,308,36,115
90,309,35,113
90,309,35,113
91,309,35,111
90,307,36,114
89,307,36,116
89,309,35,113
90,308,36,115
90,309,35,113
90,308,35,113
90,308,36,115
91,307,36,114
91,307,36,114
91,309,35,113
92,310,35,110
91,310,35,111
91,309,35,111
90,308,35,113
91,310,35,111
90,309,36,114
91,312,35,110
90,311,35,110
91,310,35,111
91,308,36,115
91,309,35,111
92,309,35,113
92,309,35,113
93,309,35,111
93,309,35,110
93,310,34,109
94,310,35,111
95,310,35,113
95,309,35,110
94,307,36,114
95,309,35,110
95,308,35,110
94,308,36,114
93,310,35,113
92,308,36,114
91,311,35,110
91,311,35,110
90,308,36,114
90,309,36,115
90,309,35,113
89,307,36,115
90,308,36,114
91,308,36,114
91,309,35,113
92,309,36,114
92,307,36,115
92,308,36,114
93,307,36,114
93,307,36,114
94,308,36,114
94,308,36,114
95,308,35,113
96,307,36,114
96,306,37,117
97,305,37,119
100,307,37,117
102,307,37,117
105,302,38,121
108,297,39,123
110,296,39,123
113,294,39,123
116,294,37,119
118,293,38,121
120,292,39,123
121,291,38,121
122,290,38,121
123,291,37,117
121,290,37,119
123,291,37,117
121,292,36,116
123,292,36,115
125,291,37,118
127,290,37,118
128,289,38,121
132,286,37,118
134,286,37,118
136,284,37,118
140,283,37,117
138,283,36,115
138,282,35,113
140,283,35,110
141,282,35,110
142,283,34,109
143,282,35,110
145,280,35,111
147,280,35,111
149,279,36,114
151,277,36,114
153,275,36,115
154,274,36,115
155,271,37,117
157,272,36,114
159,273,36,114
161,272,36,114
163,271,36,115
165,272,36,115
165,270,36,116
168,272,35,113
169,273,35,111
169,271,36,114
171,272,35,111
172,272,36,115
172,270,37,118
174,272,36,116
176,273,36,114
179,274,35,111
180,274,35,111
180,272,36,115
182,274,35,111
183,274,35,111
183,271,36,115
185,272,36,115
185,272,36,114
186,272,36,114
186,271,35,113
186,271,36,114
188,269,37,117
189,267,37,118
191,266,37,117
191,263,38,121
195,261,38,121
196,260,39,123
198,257,40,127
200,256,39,124
203,258,38,121
205,258,37,119
207,258,37,117
208,258,37,117
210,257,36,116
211,255,37,118
214,254,36,115
214,251,36,115
213,248,37,118
214,245,38,121
214,242,39,123
214,239,39,126
214,238,40,128
214,236,41,131
217,238,40,128
218,236,41,132
224,239,40,128
229,238,39,124
232,238,39,124
240,233,38,122
247,231,38,121
250,229,38,121
253,229,37,117
255,227,37,117
256,226,37,117
257,224,38,121
258,223,39,123
260,223,37,119
263,226,36,116
267,225,37,117
271,221,37,118
274,220,37,117
277,218,37,118
281,215,36,116
282,213,37,117
283,211,36,115
283,207,37,118
286,207,36,116
287,204,36,115
288,204,36,115
289,204,36,114
291,205,35,110
292,207,35,111
293,207,34,109
294,206,34,109
297,205,34,109
299,206,34,109
300,206,35,111
303,204,36,114
307,205,35,113
311,204,35,111
316,203,34,108
320,202,34,108
324,201,34,108
325,196,34,108
330,192,35,111
332,188,36,115
334,183,36,116
336,183,36,116
339,182,36,115
341,183,35,111
342,182,35,113
344,183,35,110
347,184,35,110
349,183,35,113
352,182,36,114
354,183,35,111
358,182,34,109
361,182,34,107
362,181,34,109
364,182,33,106
364,181,34,109
366,182,35,111
367,181,35,111
369,181,34,109
371,182,35,110
372,181,35,110
375,182,34,108
378,182,33,105
379,182,33,106
382,181,34,107
386,180,34,109
391,178,34,108
395,177,34,108
401,172,35,111
405,170,35,111
408,170,35,111
410,169,36,115
412,169,35,111
413,168,35,110
416,168,34,107
419,169,33,105
420,170,32,102
424,169,31,100
424,165,32,102
427,162,33,105
428,163,32,102
429,161,32,101
430,158,32,101
430,158,31,99
431,154,32,102
431,154,32,103
434,154,33,105
435,154,34,107
438,155,33,106
439,154,34,108
441,153,34,108
444,151,34,108
446,149,34,107
452,145,34,108
456,142,35,111
458,139,34,109
460,138,34,108
462,138,33,105
464,137,33,106
464,136,33,106
465,135,34,109
467,137,33,106
468,137,33,106
469,138,32,103
470,137,33,106
471,137,33,106
473,138,33,104
474,137,33,104
475,137,32,103
477,136,32,103
478,135,32,103
480,134,32,102
481,131,32,102
482,131,31,100
482,129,32,101
482,128,32,102
483,128,32,103
484,129,32,102
485,128,32,101
486,128,32,101
488,126,32,102
488,126,32,102
490,126,32,102
493,126,32,102
495,125,32,102
497,125,32,102
498,125,32,102
500,125,32,102
458,129,31,100
460,130,30,97
454,130,30,97
462,133,30,94
463,133,29,91
463,132,29,93
464,133,28,90
467,135,28,89
468,134,28,89
471,135,29,91
473,135,28,90
475,133,29,93
478,133,29,92
480,131,29,93
481,131,29,93
483,130,29,92
485,129,28,89
485,127,29,92
486,127,29,91
486,127,29,91
486,127,29,91
486,127,28,90
486,126,29,92
486,126,29,91
487,126,28,89
487,126,29,92
487,127,28,89
486,126,28,89
485,125,28,90
486,125,28,89
486,125,28,89
486,125,28,89
486,124,28,89
485,123,29,91
485,123,29,91
485,124,28,89
485,124,28,89
485,124,28,89
485,124,28,89
484,123,29,91
485,125,28,89
485,125,28,89
484,124,28,89
484,124,28,89
484,124,28,89
484,123,28,90
484,124,28,89
484,124,28,89
484,124,28,89
484,124,28,89
483,123,29,91
484,124,28,89
483,124,28,89
483,125,28,89
480,125,28,89
479,126,28,89
478,127,28,89
477,131,27,87
473,134,28,89
471,136,28,89
469,135,28,89
466,135,28,90
465,136,28,89
464,137,28,89
462,137,28,89
461,138,28,89
458,140,28,89
456,144,28,89
454,144,28,89
453,145,28,88
451,143,28,89
450,143,28,89
450,145,28,89
448,144,28,89
448,144,28,89
449,146,27,87
448,145,28,89
448,146,28,89
447,148,28,89
446,151,28,89
446,153,29,91
446,153,29,91
445,152,28,90
444,152,28,90
444,152,28,89
443,152,29,91
441,152,29,92
439,153,29,91
438,154,28,89
435,156,28,89
433,157,28,89
428,160,29,91
425,162,29,92
423,164,28,89
420,164,28,89
418,163,29,91
417,164,28,89
415,164,28,90
414,164,28,89
412,165,28,89
410,167,28,89
407,171,29,91
405,173,28,89
403,173,28,89
401,173,28,89
400,173,29,91
397,173,28,89
396,174,28,89
395,174,28,89
393,176,28,89
392,178,27,87
389,181,26,84
388,183,26,83
387,186,25,80
383,187,26,83
381,187,27,85
378,188,26,84
376,189,26,82
373,190,25,80
371,190,26,82
369,190,26,82
368,191,25,79
367,191,25,80
365,189,26,83
364,191,25,80
361,190,25,79
358,191,25,79
353,190,25,81
351,191,26,83
348,190,27,86
347,190,27,86
346,191,27,85
342,190,27,87
341,191,26,84
337,191,27,86
335,191,27,86
331,190,28,89
328,191,27,87
326,191,27,85
323,190,27,86
322,189,28,89
319,188,29,91
316,188,28,89
316,189,28,88
312,188,28,89
312,190,27,87
309,189,28,89
309,189,28,88
307,190,27,86
304,188,28,88
303,189,27,86
301,189,27,86
299,188,28,89
296,188,28,89
294,189,27,87
291,188,28,89
289,189,28,89
288,189,28,89
284,189,29,91
283,193,28,89
283,199,27,86
280,201,27,85
280,202,26,83
277,201,27,86
275,201,28,89
273,200,29,91
269,203,28,89
267,204,28,89
264,208,28,89
263,211,27,87
262,213,26,84
260,213,27,87
258,212,27,87
257,211,28,89
256,211,29,91
256,213,28,89
255,213,29,91
253,213,29,91
252,213,29,91
250,215,30,94
249,217,30,94
246,219,30,95
246,221,29,92
243,224,30,94
241,223,30,97
241,224,30,96
238,224,30,95
238,223,29,92
234,223,28,90
233,225,28,89
229,228,28,89
227,229,28,90
224,234,28,89
221,234,28,89
220,234,28,90
220,235,28,88
217,233,28,90
218,232,28,89
216,231,28,90
216,232,28,90
215,232,29,91
215,232,28,90
214,232,28,89
213,233,28,89
212,232,28,90
210,233,28,90
209,234,28,90
208,236,29,91
205,240,28,90
204,243,28,89
201,245,28,89
199,246,28,89
194,245,29,92
192,245,30,94
190,245,30,95
189,247,29,92
187,250,30,94
184,252,30,96
181,255,30,94
179,255,30,96
177,255,30,94
176,255,30,94
175,254,29,93
174,256,28,90
172,256,29,93
170,258,29,91
168,260,28,90
165,262,29,93
163,265,30,94
161,266,29,91
159,266,30,94
156,266,30,94
154,265,30,96
152,268,29,93
150,271,29,91
149,272,28,90
146,274,29,93
143,276,30,95
141,276,30,95
139,276,29,93
138,275,30,96
137,277,29,93
135,278,30,95
133,280,29,93
131,283,29,93
129,285,30,96
127,288,30,95
125,289,30,95
122,286,31,98
120,286,31,100
118,287,31,100
116,288,31,100
113,291,31,100
110,295,31,100
107,298,31,99
106,301,30,96
105,302,30,95
103,300,30,97
102,302,30,96
100,302,30,96
97,302,31,99
96,305,32,102
94,307,32,102
94,311,31,100
92,314,31,98
91,316,31,100
90,316,31,100
90,316,31,98
90,315,31,99
90,317,31,100
90,317,31,99
91,319,31,98
92,320,31,98
93,319,31,100
93,320,30,97
95,319,31,99
97,320,30,97
98,320,30,97
101,320,30,97
102,321,30,96
104,319,31,99
108,320,31,100
111,318,32,103
100,310,32,101
103,310,31,98
105,312,30,97
108,313,30,96
110,317,29,93
115,319,28,90
117,320,28,90
119,321,28,90
122,322,28,90
123,319,28,90
127,317,28,90
130,317,28,90
132,316,28,90
131,312,28,90
133,311,28,90
133,311,28,90
134,312,28,88
135,313,27,86
136,313,27,86
137,312,27,86
140,313,27,87
142,313,27,87
143,313,27,87
145,313,27,87
146,313,27,87
148,313,27,87
149,313,27,87
151,313,27,87
152,313,27,87
154,313,27,87
155,313,27,87
157,313,27,87
158,313,27,87
144,296,28,89
144,293,29,92
146,291,30,95
145,289,31,98
144,287,32,101
145,286,32,103
146,285,32,102
147,286,32,101
149,286,32,101
149,285,32,102
150,284,32,102
151,284,33,105
151,282,34,107
154,282,33,105
154,279,34,107
156,278,33,104
158,276,33,104
159,275,32,101
159,272,32,103
160,272,32,102
160,271,32,103
161,271,32,103
162,272,32,102
164,272,32,101
164,270,32,103
165,269,33,106
167,269,33,106
169,269,33,106
173,269,32,103
174,268,33,106
177,268,33,106
181,269,32,103
183,269,32,101
186,269,32,101
187,269,31,98
190,268,30,96
191,266,31,99
192,265,31,98
194,264,31,100
195,263,32,101
197,263,31,99
200,264,30,97
202,263,31,100
203,262,31,100
205,261,31,99
208,259,31,99
210,256,32,102
212,255,32,103
213,253,33,106
214,251,33,106
216,250,34,109
218,252,33,106
220,252,33,106
221,249,34,109
224,247,35,111
225,247,35,111
228,247,35,111
230,245,36,115
233,240,37,117
237,233,38,121
238,231,39,123
240,231,38,122
243,231,37,118
245,231,36,116
247,231,35,113
249,230,34,109
252,229,34,108
252,228,35,110
255,227,35,111
255,226,35,113
255,224,36,116
256,223,35,113
256,222,36,115
258,221,35,111
258,219,36,115
260,219,36,115
260,218,35,113
263,216,35,111
264,217,34,108
265,217,34,108
267,216,35,110
269,214,35,113
271,213,35,111
273,211,35,111
275,211,34,108
276,211,33,106
276,209,34,107
280,210,34,108
279,205,35,111
280,205,35,110
282,205,35,111
284,205,35,111
287,204,35,111
289,204,35,111
292,204,34,108
293,201,35,111
293,198,35,111
295,197,35,110
297,197,35,111
297,194,35,111
298,194,34,108
300,195,34,108
301,193,35,111
303,192,36,115
305,194,35,111
308,192,34,108
309,189,35,111
312,189,34,108
314,187,34,108
318,185,35,111
319,185,34,108
321,182,34,108
322,182,34,108
324,181,35,111
326,182,35,110
328,184,34,108
330,183,34,108
332,183,34,108
333,183,34,108
335,182,34,108
339,182,34,107
341,182,34,107
345,182,33,104
347,182,33,105
349,181,33,104
350,181,32,102
353,181,33,105
355,180,34,107
357,181,34,107
360,182,33,104
361,182,32,103
363,180,33,106
366,180,34,108
370,181,33,105
373,179,34,107
376,179,33,106
379,178,34,108
382,177,34,107
384,177,33,105
387,178,33,104
389,178,32,102
392,177,33,105
393,174,34,108
394,171,35,110
396,170,34,108
397,170,34,107
399,170,34,108
400,169,34,107
401,169,33,104
403,169,33,105
402,167,34,107
404,169,33,104
404,168,33,104
405,167,32,102
405,164,31,100
405,163,30,97
406,163,30,95
406,163,29,93
408,163,29,93
409,163,30,95
410,162,30,96
412,162,30,96
414,161,30,97
417,162,30,96
420,161,31,98
421,160,30,97
422,158,30,94
425,156,30,95
426,153,30,97
431,151,31,100
432,152,32,101
433,150,33,104
435,147,33,105
436,148,32,103
437,148,33,104
439,148,32,101
440,149,31,98
443,146,31,98
444,145,30,95
445,143,30,97
446,141,31,98
448,142,30,97
449,141,31,99
451,140,32,101
453,141,31,98
456,140,31,100
457,140,30,97
458,139,31,98
461,136,32,101
463,134,32,101
466,131,33,104
468,130,33,104
470,130,33,104
470,128,34,107
472,129,33,104
474,129,33,104
476,130,32,101
478,129,33,104
479,128,33,104
481,128,32,101
483,127,32,101
485,124,32,103
486,121,33,106
487,122,33,104
487,121,32,102
489,122,31,99
491,122,31,100
493,122,32,101
495,122,31,100
496,121,31,99
498,120,32,101
500,119,31,99
502,118,31,100
503,115,31,99
505,113,31,100
505,111,32,103
507,111,33,104
509,111,33,104
510,110,33,104
511,110,33,105
512,109,34,108
513,107,34,109
514,107,35,110
515,106,35,111
516,105,36,115
517,103,36,116
518,102,36,114
520,102,35,113
522,101,36,114
524,101,35,111
528,103,34,108
529,103,35,111
530,101,36,115
534,100,37,117
535,99,38,121
537,97,37,117
538,96,37,117
540,94,36,114
543,93,35,111
544,92,35,111
545,90,34,109
548,91,33,106
549,91,34,108
550,92,33,105
552,91,32,102
553,91,31,100
554,89,30,97
556,88,30,94
557,87,30,94
558,86,29,93
559,86,30,96
559,85,31,99
561,84,31,99
563,85,31,98
566,85,31,98
568,86,31,98
573,87,30,95
573,86,31,98
578,86,30,96
579,85,31,99
581,83,32,102
582,83,32,103
584,84,33,104
587,84,32,102
589,84,32,101
591,84,31,100
591,83,32,103
595,83,32,101
596,83,32,101
598,83,31,100
599,83,31,100
601,81,31,100
