206,174,71,57
206,174,71,57
206,174,71,57
206,174,71,57
206,174,71,57
206,174,71,57
206,174,71,57
206,174,71,57
206,174,71,57
206,174,71,57
206,174,71,57
206,174,71,57
206,174,71,57
206,174,71,57
206,174,71,57
206,174,71,57
206,174,71,57
206,174,71,57
206,174,71,57
206,174,71,57
206,174,71,57
207,175,69,55
206,174,71,57
206,174,71,57
206,174,71,57
206,175,71,57
207,175,70,56
206,174,71,57
206,174,71,57
206,174,71,57
207,175,70,56
206,174,71,57
206,174,71,57
206,174,71,57
206,174,71,57
206,174,71,57
206,174,71,57
206,174,71,57
206,173,71,57
206,174,72,58
206,174,71,57
206,174,71,57
206,174,71,57
206,174,71,57
206,174,71,57
206,174,71,57
206,175,71,57
206,175,71,57
207,175,70,56
206,174,71,57
206,174,71,57
206,174,71,57
206,175,71,57
206,175,71,57
207,175,70,56
206,174,71,57
206,174,71,57
206,175,71,57
206,175,71,57
206,174,71,57
206,174,71,57
206,174,71,57
206,174,71,57
206,175,71,57
206,175,71,57
207,175,70,56
206,174,71,57
206,174,71,57
206,174,71,57
206,175,71,57
206,174,71,57
206,174,71,57
206,174,71,57
206,174,71,57
206,174,71,57
206,175,71,57
206,174,71,57
206,174,71,57
206,174,71,57
206,174,71,57
206,175,71,57
206,175,71,57
206,174,71,57
206,174,71,57
206,174,71,57
206,174,71,57
206,175,71,57
206,174,71,57
206,174,71,57
206,174,71,57
206,175,71,57
206,175,71,57
206,174,71,57
206,174,71,57
206,175,71,57
206,175,71,57
206,174,71,57
206,174,71,57
206,174,71,57
206,175,71,57
206,174,71,57
206,174,71,57
206,174,71,57
206,174,71,57
206,175,71,57
206,175,71,57
207,175,70,56
206,174,71,57
206,174,71,57
206,175,71,57
206,175,71,57
206,174,71,57
206,174,71,57
206,174,71,57
206,175,71,57
206,175,71,57
206,174,71,57
206,174,71,57
206,175,71,57
206,175,71,57
206,175,71,57
206,174,71,57
206,174,71,57
206,175,71,57
206,175,71,57
207,174,70,56
206,174,71,57
206,174,71,57
206,175,71,57
206,175,71,57
206,174,72,58
206,174,72,58
206,174,71,57
206,175,71,57
206,174,71,57
206,174,71,57
206,173,71,57
206,174,71,57
207,175,71,57
207,175,71,57
207,174,70,56
206,174,71,57
206,174,72,58
207,175,70,56
206,174,71,57
206,173,71,57
205,174,70,56
207,174,70,56
206,175,70,56
205,173,72,58
205,173,71,57
205,172,72,58
206,174,71,57
207,174,70,56
206,174,71,57
206,173,71,57
206,173,71,57
206,174,71,57
206,174,72,58
206,174,71,57
206,174,71,57
206,174,71,57
206,174,71,57
206,175,71,57
206,174,72,58
206,174,72,58
206,174,71,57
206,175,71,57
206,174,71,57
206,174,71,57
206,173,72,58
205,173,72,58
206,175,71,57
205,174,72,58
205,173,73,59
206,174,71,57
206,174,71,57
206,174,72,58
206,174,72,58
206,174,71,57
206,174,71,57
205,174,72,58
205,174,72,58
206,174,72,58
206,174,71,57
206,174,71,57
206,175,71,57
205,174,72,58
205,173,72,58
206,174,71,57
205,173,72,58
205,174,72,58
205,174,72,58
206,174,71,57
205,173,72,58
205,173,72,58
205,173,72,58
205,174,72,58
206,174,71,57
205,173,72,58
205,173,71,57
205,174,72,58
206,174,72,58
206,174,73,59
206,174,72,58
205,173,73,59
206,174,71,57
206,174,73,59
206,175,72,58
205,173,73,59
205,173,73,59
205,173,72,58
205,174,72,58
206,174,73,59
205,174,73,59
205,173,73,59
205,173,72,58
206,174,71,57
206,174,72,58
206,175,71,57
205,173,73,59
205,173,73,59
206,174,71,57
205,174,72,58
206,175,71,57
205,173,72,58
205,173,72,58
205,173,72,58
206,175,71,57
205,174,72,58
206,174,72,58
205,173,72,58
205,173,72,58
206,174,72,58
207,175,71,57
205,174,73,59
205,173,73,59
205,173,73,59
205,174,72,58
206,174,72,58
206,175,72,58
205,174,73,59
205,172,73,59
206,173,71,57
206,174,72,58
206,175,72,58
206,174,73,59
205,173,73,59
205,173,72,58
205,174,72,58
206,175,72,58
205,174,73,59
205,173,73,59
205,173,72,58
205,174,72,58
206,175,72,58
205,174,72,58
205,174,73,59
205,173,73,59
206,174,71,57
206,175,72,58
205,174,73,59
205,174,73,59
206,173,72,58
205,173,72,58
206,174,72,58
205,174,72,58
206,174,72,58
205,173,73,59
205,173,72,58
205,173,72,58
206,175,72,58
205,174,72,58
205,173,73,59
206,174,71,57
205,173,72,58
205,174,72,58
205,174,72,58
205,174,73,59
205,173,73,59
205,173,73,59
206,174,72,58
206,175,71,57
206,174,72,58
205,173,72,58
206,174,71,57
205,173,72,58
206,175,72,58
205,174,72,58
205,174,73,59
205,173,73,59
205,173,73,59
205,174,72,58
206,175,72,58
206,174,72,58
205,173,73,59
205,173,73,59
205,173,72,58
206,175,72,58
206,174,72,58
206,174,72,58
205,173,73,59
205,173,72,58
206,174,72,58
207,175,71,57
206,174,72,58
205,173,72,58
205,173,72,58
205,174,72,58
206,175,72,58
206,175,72,58
206,174,72,58
205,173,73,59
205,173,72,58
206,174,72,58
206,175,72,58
205,174,72,58
205,173,73,59
205,173,73,59
205,173,72,58
206,175,72,58
206,175,72,58
205,174,72,58
205,173,73,59
205,173,72,58
205,174,72,58
206,175,72,58
205,174,72,58
205,173,73,59
206,173,72,58
205,173,72,58
206,174,72,58
206,174,72,58
205,174,72,58
205,173,73,59
205,173,72,58
206,174,72,58
207,175,71,57
206,175,72,58
205,173,73,59
206,174,71,57
206,174,71,57
206,174,72,58
207,175,71,57
206,174,72,58
206,174,71,57
206,174,71,57
206,175,72,58
206,174,72,58
206,174,71,57
205,173,73,59
205,173,72,58
205,174,72,58
206,175,72,58
205,174,72,58
205,173,72,58
205,173,73,59
205,173,72,58
206,175,72,58
206,175,72,58
206,174,72,58
205,173,73,59
205,173,72,58
205,174,72,58
206,175,72,58
206,174,73,59
206,174,72,58
205,173,73,59
205,174,72,58
205,174,74,59
206,175,73,59
205,174,73,59
206,173,72,58
205,173,72,58
206,174,72,58
206,175,72,58
205,174,72,58
206,173,72,58
206,173,72,58
205,174,72,58
206,175,72,58
206,175,72,58
205,174,73,59
205,173,73,59
205,173,72,58
205,174,72,58
206,175,72,58
206,174,73,59
205,173,73,59
205,173,73,59
205,173,72,58
206,175,72,58
206,175,72,58
206,174,73,59
205,173,73,59
205,173,72,58
205,174,72,58
207,176,71,57
206,174,73,59
206,174,72,58
206,174,72,58
206,174,71,57
206,175,72,58
206,174,73,59
205,173,73,59
206,174,71,57
205,173,72,58
207,175,71,57
207,175,71,57
206,175,72,58
205,173,73,59
205,173,72,58
206,174,72,58
206,175,72,58
205,174,72,58
205,173,73,59
205,173,73,59
