173,109,30,29
173,109,30,29
173,109,30,29
173,109,30,29
173,109,30,29
173,109,30,29
173,109,30,29
173,109,30,29
173,109,30,29
173,109,30,29
173,109,30,29
173,109,30,29
173,109,30,29
173,109,30,29
173,109,30,29
173,109,30,29
173,109,30,29
173,109,30,29
173,109,30,29
173,109,30,29
173,109,29,28
173,109,30,29
173,109,30,29
173,109,30,29
173,109,30,29
173,109,30,29
173,109,30,29
173,109,30,29
173,109,30,29
173,109,30,29
173,109,30,29
173,109,30,29
173,109,30,29
173,109,30,29
173,109,30,29
173,109,30,29
173,109,30,29
173,109,30,29
174,109,30,29
173,108,31,30
173,108,31,30
174,109,30,29
173,108,31,30
174,108,31,30
173,108,32,31
173,107,32,31
173,107,32,31
173,106,33,32
173,106,33,32
173,106,33,32
173,106,33,32
173,105,34,33
173,106,33,32
173,106,33,32
173,107,32,31
173,106,33,32
173,106,33,32
173,107,32,31
173,107,32,30
173,107,32,30
172,107,32,31
172,107,32,31
172,107,32,31
173,107,32,30
173,108,32,30
172,108,32,30
173,108,31,30
173,109,31,30
173,109,30,29
172,109,31,30
172,108,31,30
172,108,31,30
172,109,31,30
173,109,31,30
173,109,31,30
173,108,32,30
174,108,32,30
173,107,32,31
174,109,31,30
173,109,31,30
174,109,31,30
174,108,32,30
174,108,31,30
174,108,31,30
173,108,31,30
173,108,31,30
173,108,32,30
173,108,32,30
173,108,32,30
173,108,31,30
173,108,31,30
172,108,32,30
172,108,31,30
172,109,31,30
172,109,31,30
172,108,31,30
173,108,32,30
173,108,32,30
172,108,32,31
173,109,32,30
173,109,31,30
172,108,32,31
172,108,32,31
173,109,32,30
173,109,31,30
172,108,32,31
172,108,31,30
173,109,32,30
173,109,32,30
173,108,32,30
173,109,32,30
172,108,32,30
172,108,32,31
172,108,32,31
172,108,32,31
173,109,32,30
173,109,32,30
172,108,32,31
173,109,32,30
172,108,32,31
172,108,32,31
173,109,32,30
172,108,32,31
173,109,32,30
173,109,32,30
173,109,32,30
173,109,32,30
173,109,32,30
173,109,32,30
172,108,32,31
172,108,32,31
172,108,32,31
172,108,32,31
173,109,32,30
173,109,32,30
173,108,32,30
172,108,32,31
173,108,32,30
173,108,32,30
173,108,32,30
173,108,32,31
173,108,32,30
173,108,32,31
173,108,32,30
173,108,32,30
173,109,32,30
173,109,32,30
173,108,32,31
174,109,32,30
174,109,32,30
174,109,31,30
173,109,32,30
173,109,32,30
173,109,32,30
173,109,31,30
173,108,32,31
173,109,31,30
172,108,32,31
172,108,32,31
173,109,32,30
172,108,32,31
172,108,32,31
173,108,32,30
173,108,32,30
211,107,31,30
246,107,30,29
260,106,31,30
289,105,31,30
293,104,31,30
293,106,31,30
292,105,32,30
293,106,31,30
293,106,32,30
292,105,31,30
292,106,31,30
292,105,31,30
292,106,31,30
292,105,32,30
292,105,31,30
292,106,31,30
291,105,31,30
291,105,31,30
291,105,31,30
291,105,32,30
291,105,32,30
291,105,31,30
291,105,32,30
291,105,31,30
291,105,31,30
291,105,31,30
291,105,31,30
291,105,32,30
291,105,31,30
291,105,31,30
292,105,31,30
291,105,31,30
292,105,31,30
292,105,31,30
291,105,31,30
291,105,31,30
291,105,31,30
291,105,31,30
291,105,31,30
291,105,31,30
291,105,32,30
291,105,31,30
291,105,31,30
291,105,31,30
291,105,31,30
291,105,31,30
291,105,31,30
291,105,31,30
291,107,31,30
292,112,31,30
292,112,31,30
292,112,31,30
292,112,31,30
292,112,31,30
292,112,31,30
292,112,31,30
292,112,31,30
292,112,32,30
291,112,31,30
291,112,31,30
291,112,31,30
291,112,32,30
291,112,31,30
291,112,31,30
291,112,31,30
291,112,31,30
291,112,31,30
291,116,31,30
291,118,31,30
291,118,32,30
