176,226,127,78
176,226,127,78
176,226,123,76
176,226,123,76
175,226,123,76
175,226,122,75
175,226,122,75
174,226,122,75
173,225,123,76
174,226,121,74
173,226,122,75
172,225,123,76
171,225,123,76
171,226,122,75
171,226,122,75
170,226,122,75
170,225,122,75
169,225,122,75
168,225,123,76
170,226,120,73
167,225,123,76
169,226,120,73
168,226,120,73
168,226,120,73
166,225,123,76
167,226,120,73
167,226,120,73
167,226,120,73
164,225,123,76
166,226,120,73
165,225,121,74
163,225,123,76
165,226,120,73
163,225,123,76
162,225,124,76
163,225,122,75
164,226,120,73
162,224,123,76
162,224,123,76
163,225,120,73
163,225,120,73
162,225,121,74
162,225,121,74
163,225,120,73
162,225,121,74
163,225,120,73
164,226,118,73
165,227,117,72
162,225,121,74
164,226,118,73
163,225,120,73
162,225,121,74
162,225,121,74
164,226,118,73
163,225,120,73
162,225,121,74
163,226,120,73
161,224,123,76
162,225,122,75
162,225,121,74
162,225,121,74
162,225,121,74
161,224,123,76
162,225,121,74
162,225,121,74
163,225,121,74
163,226,120,73
161,225,123,76
163,225,121,74
161,225,123,76
161,225,123,76
162,225,122,75
163,226,120,73
162,225,122,75
163,226,120,73
162,225,122,75
164,226,120,73
163,225,121,74
162,225,122,75
162,225,122,75
164,226,120,73
164,226,120,73
164,225,121,74
164,225,121,74
164,225,122,75
166,226,120,73
166,225,121,74
166,225,122,75
167,225,121,74
168,225,121,74
168,225,124,76
169,225,122,75
170,224,123,76
172,225,122,75
172,224,123,76
175,225,122,75
175,224,123,76
178,225,122,75
179,225,122,75
184,225,120,73
183,224,123,76
186,224,123,76
189,224,123,76
192,224,123,76
196,223,123,76
199,223,123,76
203,223,124,76
207,222,127,78
210,223,124,76
214,223,126,77
218,223,122,75
223,222,124,76
227,222,124,76
234,223,121,74
237,221,124,76
243,221,124,76
246,221,124,76
254,221,121,74
256,220,124,76
261,220,124,76
267,220,121,74
273,220,121,74
276,219,124,76
281,218,126,77
286,219,124,76
287,218,124,76
294,218,123,76
299,219,121,74
305,219,121,74
307,219,121,74
313,217,124,76
315,217,123,76
321,217,124,76
324,217,122,75
330,217,123,76
333,217,120,73
337,217,122,75
342,217,120,73
345,218,118,73
351,218,115,71
351,217,118,73
355,217,116,71
358,218,115,71
359,217,116,71
364,217,114,70
366,217,114,70
367,216,116,71
371,216,114,70
372,216,115,71
375,217,113,69
377,217,112,69
377,216,114,70
378,216,114,70
379,216,114,70
381,216,112,69
382,217,110,68
382,216,110,68
381,216,112,69
381,216,113,69
380,216,113,69
381,216,112,69
380,215,114,70
381,215,113,69
381,216,112,69
381,216,112,69
381,216,112,69
380,216,113,69
381,216,112,69
381,216,112,69
380,215,114,70
381,216,113,69
382,216,110,68
381,216,112,69
381,216,112,69
381,215,113,69
381,216,112,69
382,216,110,68
380,215,114,70
380,216,113,69
381,216,112,69
382,216,110,68
381,216,112,69
381,216,110,68
380,216,113,69
381,216,112,69
381,216,112,69
380,216,113,69
381,216,112,69
382,216,110,68
380,216,113,69
381,216,112,69
381,216,110,68
381,216,112,69
379,215,114,70
380,216,112,69
380,216,112,69
379,216,113,69
380,217,110,68
379,216,112,69
377,215,115,71
378,216,112,69
377,216,113,69
377,216,114,70
376,216,114,70
376,216,115,71
375,216,115,71
374,215,116,71
374,216,114,70
371,215,116,71
369,214,120,73
369,216,116,71
368,215,117,72
367,216,115,71
365,216,117,72
364,217,114,70
362,216,115,71
359,216,116,71
359,217,114,70
356,216,116,71
355,217,114,70
353,217,114,70
351,216,116,71
349,217,114,70
346,217,115,71
345,218,112,69
345,219,109,67
341,218,112,69
340,218,108,67
337,218,112,69
334,217,115,71
334,217,113,69
331,217,115,71
330,217,114,70
330,218,110,68
328,218,112,69
327,218,110,68
327,219,107,66
326,218,110,68
325,218,109,67
324,218,112,69
324,218,108,67
324,218,107,66
324,218,107,66
325,219,104,64
325,219,106,65
323,218,108,67
323,219,105,65
326,219,104,64
325,219,105,65
324,218,106,65
324,219,105,65
323,218,106,65
324,218,106,65
324,218,106,65
325,219,104,64
324,218,107,66
323,217,108,67
325,218,105,65
324,218,107,66
324,218,105,65
324,218,106,65
325,219,104,64
324,218,106,65
324,218,107,66
325,219,104,64
325,218,105,65
325,219,104,64
324,218,106,65
324,218,106,65
324,218,106,65
325,218,105,65
324,218,107,66
324,218,106,65
324,218,106,65
324,218,106,65
324,218,107,66
324,218,106,65
324,218,107,66
324,218,107,66
324,218,107,66
324,218,107,66
325,218,105,65
324,218,107,66
324,218,107,66
324,218,106,65
324,218,107,66
324,218,107,66
324,218,107,66
324,218,107,66
324,218,107,66
324,217,107,66
324,218,106,65
324,218,107,66
325,218,105,65
325,218,106,65
324,217,107,66
324,217,107,66
326,218,105,65
325,218,106,65
326,218,106,65
327,218,104,64
328,218,104,64
328,218,104,64
328,218,105,65
328,218,105,65
329,217,105,65
330,217,105,65
332,218,102,63
332,218,103,63
333,218,103,63
334,218,103,63
336,218,100,61
335,217,102,63
338,218,100,61
338,217,100,61
340,218,99,61
341,218,99,61
342,218,98,60
345,218,96,59
347,218,94,58
349,219,92,57
350,218,95,58
352,218,92,57
352,218,91,56
355,218,91,56
357,218,91,56
358,218,91,56
361,218,88,54
363,218,87,53
365,218,85,52
366,219,84,51
367,218,84,51
369,218,84,51
370,218,81,50
372,218,80,49
375,219,78,48
373,218,78,48
376,218,77,47
374,218,77,47
377,218,76,47
378,218,74,46
379,218,73,45
380,218,71,44
381,218,69,43
383,218,69,42
383,218,68,42
383,218,67,41
383,217,65,40
386,218,63,39
386,218,61,38
388,217,63,38
383,218,65,40
382,219,63,39
382,218,63,38
381,219,61,38
383,218,62,38
384,218,62,38
383,218,62,38
383,218,60,37
382,217,62,38
382,217,64,39
381,217,62,38
381,216,62,38
383,216,62,38
383,216,62,38
383,216,63,38
383,215,63,39
383,216,62,38
384,215,62,38
383,215,63,38
383,214,61,37
384,214,61,37
383,214,61,37
384,214,60,37
384,213,58,36
384,212,60,37
384,212,58,36
384,212,58,36
378,212,59,36
376,212,59,36
377,211,60,37
376,211,60,37
378,211,62,38
378,211,62,38
378,211,62,38
378,211,62,38
379,211,62,38
379,211,62,38
379,211,62,38
379,211,62,38
380,211,62,38
380,211,62,38
380,211,62,38
380,210,62,38
381,210,62,38
381,210,62,38
381,210,62,38
381,210,62,38
372,210,62,38
371,210,62,38
370,210,62,38
370,209,60,37
370,208,60,37
370,209,60,37
370,209,60,37
369,207,59,36
370,208,58,36
371,208,58,36
370,207,60,37
369,207,60,37
369,207,60,37
370,207,59,36
369,207,58,36
369,206,60,37
369,206,58,36
369,206,59,36
369,206,58,36
368,205,60,37
369,205,58,36
368,205,58,36
368,204,58,36
368,204,58,36
368,204,58,36
367,203,60,37
367,204,58,36
366,203,60,37
367,203,58,36
367,203,57,35
366,202,59,36
366,202,60,37
365,201,60,37
365,201,60,37
365,201,58,36
365,200,60,37
365,200,58,36
365,200,58,36
365,199,57,35
364,199,57,35
364,199,57,35
364,198,56,34
364,198,57,35
363,197,57,35
363,197,57,35
363,196,57,35
363,196,57,35
362,195,57,35
362,195,58,36
362,195,57,35
362,194,56,34
361,194,57,35
361,193,57,35
361,193,56,34
361,192,56,34
360,192,56,34
361,192,56,34
361,191,55,33
360,191,56,34
360,190,55,34
360,190,55,34
360,189,55,34
359,189,55,34
360,189,53,33
359,188,55,34
359,188,55,33
359,188,54,33
358,187,53,33
359,188,52,32
359,188,52,32
358,186,53,33
357,186,54,33
358,186,53,32
358,186,52,32
358,186,52,32
357,185,52,32
357,185,52,32
357,185,51,32
357,184,51,31
357,184,51,32
356,183,52,32
356,183,52,32
356,183,51,31
355,182,51,31
354,182,51,32
354,181,50,31
353,181,49,30
353,180,50,31
353,180,48,30
353,180,48,29
351,179,49,30
351,179,48,30
351,179,48,30
351,179,48,29
350,179,47,29
349,178,48,29
349,178,48,29
348,178,48,29
348,177,48,29
346,176,49,30
346,177,48,29
346,176,48,29
343,175,49,30
343,175,49,30
343,176,48,29
343,175,48,29
341,174,49,30
340,173,50,31
340,173,50,31
339,173,50,31
339,172,48,30
338,172,49,30
337,171,49,30
337,171,48,30
336,171,48,30
336,171,48,29
336,171,46,29
335,171,46,28
334,170,46,29
333,169,48,29
332,169,47,29
331,169,46,29
331,169,46,28
330,169,46,28
330,169,46,28
328,168,45,28
328,168,46,28
327,168,46,28
326,167,46,28
325,167,45,28
324,166,46,28
323,166,46,28
322,166,45,28
321,165,46,28
321,165,44,27
320,164,44,27
320,165,43,27
318,164,44,27
317,164,44,27
316,163,45,27
316,164,43,27
315,163,43,27
314,163,45,27
313,163,43,27
312,162,43,27
312,162,43,27
311,162,43,27
310,162,43,26
309,161,43,27
309,161,43,26
308,161,43,26
307,160,43,26
306,160,43,27
306,160,43,26
305,159,43,26
304,159,43,26
304,159,42,26
302,158,42,26
302,158,42,26
301,158,43,26
301,158,42,26
301,158,40,25
300,157,41,25
298,156,42,26
298,156,42,26
298,157,41,25
297,156,42,26
297,156,41,25
295,155,42,26
296,156,41,25
295,155,41,25
295,156,40,25
294,155,40,25
293,154,41,25
292,154,41,25
291,153,41,25
292,154,40,25
290,153,41,25
290,153,40,25
290,153,40,25
