396,322,105,134
397,320,106,135
400,319,103,131
401,317,104,133
403,315,104,133
406,314,103,131
408,313,103,131
410,312,102,130
411,310,103,131
415,310,100,127
416,309,100,127
419,308,97,124
420,305,99,126
422,304,99,126
424,302,99,126
427,302,96,123
430,303,93,119
430,299,96,123
433,299,95,121
434,297,95,121
438,297,92,118
438,295,94,120
441,295,92,118
443,293,92,118
444,292,92,118
447,292,90,115
448,290,90,115
450,289,90,114
450,287,91,117
453,287,89,113
455,286,88,112
458,286,87,111
458,283,89,113
461,284,86,110
463,283,85,109
463,280,88,112
465,280,87,111
465,278,88,112
468,277,87,111
470,277,85,109
471,276,84,108
472,275,85,109
473,274,84,108
476,274,82,104
476,272,84,107
478,272,82,104
474,273,79,101
459,270,82,104
451,270,80,102
440,269,81,103
430,269,80,102
420,266,81,103
409,268,79,101
399,268,79,100
389,266,79,100
377,268,76,97
369,265,78,99
357,263,79,100
362,263,76,97
363,263,76,97
364,262,76,96
365,261,76,96
365,261,76,96
367,259,75,96
368,259,74,95
368,259,74,95
370,260,73,93
369,257,74,95
370,256,74,95
372,257,72,92
372,256,73,93
374,256,71,90
374,255,72,92
375,254,72,92
377,255,70,89
377,254,70,89
378,252,70,89
378,253,69,88
379,252,69,88
380,252,67,86
380,250,69,88
380,250,69,88
380,249,68,87
381,248,68,86
382,249,67,86
383,249,65,83
383,247,66,84
383,248,64,82
384,247,64,81
385,246,64,82
385,245,64,81
385,245,64,81
386,246,63,81
386,243,64,81
386,243,64,81
387,244,63,81
387,243,63,80
387,241,64,82
388,241,63,81
388,240,63,81
388,240,63,80
389,239,63,80
390,240,62,79
390,239,62,79
390,239,62,79
389,237,63,80
389,236,63,80
390,236,61,78
391,236,61,78
391,236,61,78
392,235,61,78
392,235,60,77
392,235,58,74
393,234,58,74
392,233,60,77
393,231,62,79
406,229,63,80
419,230,61,78
427,231,59,75
442,229,60,76
451,227,61,78
455,228,60,76
454,229,58,74
455,228,59,75
454,227,59,75
455,227,57,73
455,227,57,73
455,226,57,73
455,226,57,73
455,225,57,73
455,225,57,73
455,225,56,71
456,225,55,70
456,224,55,70
456,224,55,70
456,224,54,69
456,224,53,67
456,223,54,69
456,223,53,68
456,222,53,68
455,221,54,69
456,221,53,68
456,221,53,68
456,220,53,68
456,220,53,68
455,220,53,68
456,220,52,67
455,219,52,67
456,219,52,66
456,218,51,65
455,218,51,65
455,217,51,65
455,217,51,65
455,217,51,65
455,217,51,65
454,216,51,65
454,215,52,66
454,214,52,66
453,214,52,66
453,215,50,64
453,213,52,66
453,214,50,64
452,213,51,65
453,213,50,64
452,211,51,65
452,211,50,64
451,209,51,65
451,210,50,64
451,209,51,65
451,209,50,64
450,210,49,63
449,208,51,65
449,208,49,63
449,209,48,61
448,207,49,62
448,209,47,60
447,207,49,62
447,206,49,62
447,207,48,61
447,207,47,60
446,205,48,62
446,206,47,60
445,205,48,62
445,205,47,60
444,204,48,61
443,204,46,59
443,204,46,59
443,204,46,59
442,203,46,59
442,203,48,61
441,202,47,60
440,202,47,60
440,202,46,59
439,201,46,59
439,202,45,58
438,202,46,58
437,200,46,59
438,201,45,57
437,201,45,58
436,200,46,58
435,199,46,59
434,198,46,59
434,199,46,58
433,199,44,56
433,199,44,56
432,197,46,58
431,197,46,58
431,197,45,57
430,196,46,58
429,197,45,57
429,196,45,57
428,195,45,58
426,194,46,59
427,195,45,57
426,194,45,57
425,194,45,57
424,193,45,58
424,193,45,57
422,192,46,58
422,193,45,57
422,192,45,57
421,192,45,57
420,191,45,57
419,191,45,58
419,191,45,57
418,191,44,56
417,190,46,58
415,188,47,60
415,189,46,58
415,189,44,56
414,188,44,56
413,188,44,56
413,188,45,57
412,188,44,56
412,188,43,55
411,188,43,55
410,187,44,56
410,187,43,55
410,188,42,53
408,186,43,55
409,188,42,53
407,186,43,55
407,187,42,53
406,187,42,53
405,185,42,54
404,184,44,56
404,184,43,55
403,184,42,54
403,185,41,53
402,184,42,54
401,184,42,54
401,184,42,53
400,183,42,54
399,182,43,55
398,182,42,54
399,183,42,53
398,182,42,54
397,182,42,53
396,181,43,55
395,180,43,55
395,181,42,54
394,180,42,54
394,180,42,53
393,179,42,54
392,179,42,54
392,179,42,54
391,179,43,55
391,179,42,54
391,180,41,53
391,180,41,52
390,179,40,51
389,178,41,52
389,178,41,53
387,177,42,54
387,177,42,54
387,178,42,53
387,177,42,53
386,177,42,53
386,177,40,52
385,177,40,51
385,177,40,51
384,177,40,52
384,177,40,52
383,177,40,51
383,176,40,51
382,176,40,52
382,176,40,51
381,176,39,50
380,175,40,51
380,175,40,51
380,175,40,51
379,175,40,51
379,175,40,51
378,174,40,51
377,174,39,50
377,173,40,51
377,174,39,50
376,173,39,50
375,173,40,51
375,173,39,50
375,173,39,50
374,172,40,51
374,173,38,49
373,172,39,50
373,173,38,49
372,171,39,50
372,172,38,49
371,172,38,49
371,172,38,48
371,172,38,48
370,171,38,49
370,171,38,48
369,171,37,47
369,171,37,47
368,170,38,49
368,170,38,49
367,170,37,47
367,170,36,46
367,170,37,47
366,170,37,48
366,170,36,46
365,169,37,47
365,169,37,47
364,168,37,47
364,168,37,47
364,168,37,47
363,168,37,47
363,168,36,46
362,168,36,46
362,168,36,46
361,167,36,46
361,167,37,47
361,167,36,46
360,167,36,46
360,167,36,46
359,166,36,46
359,166,37,47
359,166,36,46
358,166,36,46
358,166,35,45
358,166,35,44
358,167,34,43
357,166,34,44
357,166,34,44
356,166,35,44
356,165,35,45
356,166,34,44
355,165,35,44
355,165,34,43
354,165,34,43
354,165,33,43
353,164,34,43
353,164,34,43
352,164,34,44
352,164,34,43
352,164,34,44
351,164,34,43
351,164,33,43
350,163,34,44
350,163,34,43
349,163,34,43
349,163,34,44
349,163,34,44
348,163,33,42
348,162,34,43
347,162,34,43
347,162,33,42
346,162,33,42
347,162,32,41
346,162,32,41
346,162,32,41
345,162,32,41
346,157,32,41
343,139,33,42
342,119,34,43
342,118,33,43
343,119,32,41
343,119,32,41
342,118,32,41
342,119,32,41
342,118,32,41
341,118,32,41
341,118,32,41
340,117,33,42
340,117,32,41
340,117,32,41
339,117,32,41
338,116,33,42
339,117,32,41
338,117,32,41
338,117,32,41
338,117,32,41
337,116,32,41
337,116,32,41
336,116,32,41
336,115,32,41
336,115,31,40
335,116,32,41
335,115,32,41
335,115,32,41
334,115,32,41
335,115,31,39
333,114,32,41
333,114,32,41
333,114,32,41
333,114,32,41
333,114,31,40
332,114,32,41
332,113,32,41
332,113,32,41
331,113,31,40
331,113,31,40
331,113,31,40
331,113,31,40
330,113,31,40
331,113,31,39
330,113,31,39
330,113,31,39
330,112,31,39
329,112,31,39
329,112,30,38
329,112,30,39
329,112,30,38
328,112,31,39
327,113,32,41
328,132,32,41
328,150,32,41
327,160,32,41
328,174,31,40
328,191,31,40
329,206,31,39
329,204,30,38
328,203,30,38
328,203,30,38
328,204,30,38
328,204,29,37
327,203,30,38
327,202,30,39
327,203,30,38
327,203,30,38
326,203,30,38
326,203,29,37
326,202,29,37
325,202,30,38
325,202,29,37
324,201,30,38
325,202,29,37
324,202,30,38
324,202,29,37
324,202,29,36
324,202,29,37
323,201,29,37
322,200,30,39
323,201,29,37
323,201,29,36
323,201,29,36
322,201,29,36
322,201,28,36
322,202,28,35
321,201,29,36
321,201,28,35
321,201,29,36
320,200,28,36
319,199,29,37
319,199,29,37
319,200,28,36
319,200,28,36
319,200,28,35
318,200,28,36
