244,233,20,45
244,234,20,45
244,234,20,45
244,234,20,45
244,234,20,44
245,235,19,44
244,234,20,45
244,234,20,45
244,234,20,45
244,234,20,45
244,234,20,45
244,234,20,45
244,234,20,45
244,234,20,45
244,234,20,45
244,235,20,45
244,235,20,45
244,235,20,45
244,234,20,45
244,234,20,45
244,234,20,45
245,235,20,45
244,235,20,45
244,235,20,45
244,235,20,45
244,235,20,45
244,235,20,46
244,235,20,45
244,234,21,46
244,235,20,45
244,234,20,45
244,234,20,45
244,235,20,45
244,235,20,45
244,235,20,45
244,235,21,46
245,235,20,45
245,235,20,45
245,235,20,45
245,235,21,46
245,235,21,46
245,236,20,45
245,235,21,46
245,235,21,46
245,235,20,45
245,235,21,46
245,236,20,46
245,236,20,46
245,236,21,47
245,236,21,47
245,235,21,47
245,236,20,46
245,236,21,47
245,236,21,48
245,236,21,47
245,236,21,47
245,236,21,47
245,237,21,47
246,237,21,47
245,236,21,48
246,237,21,47
245,236,22,49
245,236,22,49
245,236,22,49
245,236,22,49
245,237,22,49
245,237,22,49
245,237,21,48
245,236,22,49
245,237,22,49
245,237,21,48
246,237,22,49
245,236,22,49
246,237,22,49
246,237,22,49
245,237,22,50
246,237,22,49
245,237,22,50
245,237,23,51
245,237,22,49
245,237,22,50
245,237,22,50
246,237,21,48
245,237,22,50
246,238,22,50
245,237,22,50
245,238,22,50
245,237,23,51
245,238,22,50
245,238,22,50
245,238,23,51
245,239,22,50
245,238,23,51
245,238,22,50
245,238,23,51
245,238,23,51
245,237,23,51
245,238,23,52
245,238,23,51
246,238,23,51
246,238,23,51
246,239,23,51
246,239,22,50
246,239,22,50
246,239,22,50
246,239,23,51
246,239,23,51
245,238,23,52
245,239,23,52
245,239,23,52
246,239,23,52
246,240,23,51
245,239,23,51
245,239,23,52
245,238,23,53
245,238,23,52
245,239,23,52
245,239,23,52
245,239,23,53
245,239,24,53
245,239,24,54
245,239,24,54
245,239,24,54
245,239,24,53
245,239,24,55
245,238,24,53
245,239,23,53
245,238,24,54
245,239,23,53
245,239,24,54
245,239,24,54
245,239,24,55
245,239,24,54
245,239,24,54
245,239,24,55
245,239,24,54
245,239,24,55
245,239,24,54
245,239,24,55
244,239,25,55
244,239,25,55
244,239,25,57
244,239,25,57
244,239,25,57
244,239,26,58
244,239,26,58
244,239,26,58
244,240,25,57
244,239,26,58
244,239,25,57
243,239,26,58
243,239,26,58
244,240,25,57
244,240,26,58
243,240,26,58
242,239,26,59
243,240,26,58
243,239,26,58
242,239,26,58
242,240,26,58
242,240,26,58
242,240,26,58
242,240,26,58
241,239,27,60
241,239,27,62
241,239,27,62
241,239,28,62
241,240,27,62
241,240,27,61
241,240,28,62
241,240,27,61
241,240,27,61
241,240,27,61
241,240,27,61
241,240,28,62
241,240,28,62
241,240,28,62
241,240,28,63
240,240,28,63
241,241,28,62
240,241,28,62
240,241,28,63
240,240,28,63
240,241,27,62
240,241,27,62
240,241,28,62
240,241,28,64
240,241,28,63
240,241,28,63
240,241,28,62
240,241,28,62
240,240,29,64
241,242,28,62
241,242,28,62
240,241,28,63
239,240,29,65
240,241,28,63
240,241,28,63
239,240,29,65
240,242,28,63
240,241,29,64
239,240,29,66
239,240,29,65
239,240,29,65
240,241,29,64
239,240,29,66
239,240,29,66
240,240,29,65
240,240,29,66
239,240,29,66
240,241,29,66
240,241,29,66
239,241,30,67
239,241,29,65
239,241,29,66
239,240,30,68
239,241,29,66
238,241,30,68
239,242,29,66
238,242,29,66
238,241,30,68
238,241,30,68
238,241,31,70
238,241,30,68
239,241,30,68
239,241,30,68
238,241,30,68
238,241,31,69
238,241,30,68
238,241,30,68
238,241,30,68
238,241,30,68
238,241,30,68
238,241,30,68
238,242,30,68
238,242,30,68
238,242,30,68
238,242,30,68
238,242,30,68
238,242,30,68
238,242,30,68
237,242,31,70
237,242,31,70
237,242,32,72
237,242,31,70
237,242,31,70
237,242,32,72
237,242,31,70
237,242,32,71
237,242,32,71
237,242,32,72
237,242,31,70
237,243,31,70
237,242,32,72
237,242,32,72
237,242,32,72
237,242,32,72
237,242,32,73
237,242,33,73
237,243,32,72
237,243,32,72
236,242,33,73
236,243,32,72
236,242,33,73
236,243,33,73
236,243,33,74
236,243,33,74
236,243,33,74
236,243,33,75
236,243,33,74
236,242,33,74
236,243,33,74
236,243,33,74
236,243,33,75
236,243,33,74
236,243,33,74
235,243,34,75
235,243,33,75
235,243,33,75
236,243,34,76
236,244,33,74
235,243,34,75
235,243,34,77
235,243,34,77
235,243,34,75
235,242,35,78
235,243,34,77
236,243,34,75
236,243,35,78
235,243,34,77
235,243,35,78
235,243,34,77
234,243,35,79
235,243,34,77
235,243,35,79
236,244,34,76
236,243,34,77
236,243,34,75
237,244,34,76
235,243,35,79
236,243,34,76
236,243,34,77
236,243,34,77
236,243,35,78
236,243,34,76
236,243,34,77
236,243,34,77
236,243,34,77
236,243,34,77
237,244,34,76
237,244,34,76
236,244,34,76
237,244,34,76
236,243,35,79
237,244,34,76
236,243,35,78
236,243,34,76
237,243,34,76
236,243,34,76
236,243,35,78
236,243,35,79
236,243,34,77
236,244,34,76
236,243,34,77
237,243,34,75
236,243,34,77
237,243,34,76
237,243,34,76
236,243,34,77
237,244,34,76
236,243,34,75
236,243,34,77
236,244,34,76
236,243,34,77
236,244,34,77
236,244,34,77
235,243,35,78
236,243,34,77
236,243,34,77
236,244,34,76
236,244,34,76
236,243,34,77
236,243,34,77
236,243,34,77
236,243,34,77
236,244,34,76
235,243,34,77
236,244,34,76
235,243,34,77
235,243,34,77
235,243,34,77
236,244,34,76
235,243,35,78
236,243,34,77
236,243,35,78
236,243,34,77
235,244,34,77
236,244,34,76
236,243,34,77
235,243,34,77
236,243,34,77
235,243,34,77
235,243,35,78
235,243,35,78
236,243,35,78
236,243,34,76
236,243,35,78
235,243,35,79
236,243,34,77
236,243,35,78
236,243,35,78
235,243,35,79
235,243,35,78
236,243,34,77
236,243,35,78
236,243,34,77
236,243,35,79
236,243,34,77
236,243,35,78
236,243,34,77
236,243,35,79
236,243,35,78
236,243,35,78
236,243,35,79
236,243,35,78
236,243,34,77
237,243,34,76
236,243,34,77
236,243,34,77
237,243,34,76
236,243,34,77
236,243,35,79
236,243,35,78
236,243,35,78
236,243,34,77
236,243,35,78
236,243,34,77
236,243,34,77
237,244,34,76
236,243,35,78
236,243,34,77
236,243,34,77
236,243,34,77
236,243,34,77
236,243,34,77
236,243,34,77
236,243,34,77
236,243,35,78
236,243,35,78
236,243,34,77
236,243,34,77
236,243,34,77
236,243,35,78
236,243,35,78
236,243,34,77
236,243,35,78
236,243,35,78
236,243,35,78
236,243,34,77
236,243,35,78
236,243,34,77
236,243,34,77
236,243,35,78
236,243,35,78
237,244,34,76
236,243,35,78
236,243,35,78
236,243,35,78
236,243,35,78
237,244,34,76
236,243,35,78
237,243,34,77
237,243,34,77
237,243,34,77
236,243,35,78
236,243,35,78
236,243,35,78
236,243,35,78
237,243,34,77
237,244,34,76
237,243,34,77
237,243,35,78
236,243,35,79
237,243,35,78
237,243,35,78
237,244,34,77
237,243,35,79
237,244,34,76
237,243,34,77
237,243,35,78
237,243,34,77
237,243,35,78
237,243,35,78
