482,191,46,126
481,191,46,125
475,191,49,125
471,186,50,127
468,186,51,124
469,188,49,121
471,189,48,120
470,181,45,124
470,182,47,122
471,183,49,120
471,183,50,116
470,186,50,115
469,186,51,114
467,187,49,117
455,184,49,110
454,183,48,107
452,190,48,106
447,185,55,118
440,186,65,114
436,188,69,115
411,189,69,115
418,195,50,111
416,194,49,111
412,192,48,115
412,189,44,116
405,196,46,105
409,196,43,104
408,197,46,109
404,192,44,111
404,193,48,110
403,188,48,115
399,185,52,118
403,184,49,119
407,187,44,118
405,188,48,121
408,187,45,121
408,187,47,122
421,185,43,122
423,181,44,126
422,183,44,124
424,184,42,122
423,183,42,122
426,187,44,114
424,187,44,114
424,183,49,121
420,183,49,122
418,182,50,123
419,183,49,122
417,183,50,123
428,176,55,124
426,172,56,134
412,180,54,130
413,181,54,129
423,173,50,132
430,184,44,125
430,181,46,126
423,180,47,130
414,178,49,134
416,183,44,123
426,177,55,127
413,183,42,121
402,187,54,118
411,177,63,130
404,179,63,130
415,184,43,123
414,184,45,123
415,186,45,121
416,186,44,117
416,184,45,120
416,185,44,119
415,184,45,122
416,184,42,123
414,187,41,119
414,187,40,116
414,181,45,124
412,184,45,123
415,183,46,126
417,179,43,128
416,177,45,125
417,176,46,129
419,186,46,122
415,181,48,127
421,177,42,130
423,175,43,133
420,179,51,133
421,174,53,137
435,177,54,119
429,171,51,138
444,177,44,117
427,177,52,136
425,186,50,132
424,175,52,136
430,171,47,137
428,179,47,138
449,180,41,116
433,185,42,120
433,193,41,117
434,193,41,116
435,188,42,120
441,187,44,123
441,179,50,135
440,190,49,131
440,183,50,135
449,185,42,135
448,185,44,134
450,179,43,141
449,177,47,130
449,177,48,140
452,182,44,137
450,185,47,135
453,184,46,135
455,187,45,134
456,188,42,129
455,177,45,141
455,176,47,146
456,186,46,137
448,183,55,138
451,175,50,144
450,176,51,141
449,182,45,138
446,181,46,141
448,181,45,138
448,179,44,137
449,185,43,134
446,182,47,135
443,180,47,135
441,182,47,135
443,184,46,132
445,183,45,134
442,181,45,133
440,179,49,132
435,179,49,133
432,176,56,133
430,181,54,129
430,179,55,132
432,178,52,136
432,178,53,137
438,177,49,135
435,184,48,131
437,176,46,137
435,176,47,140
429,177,59,130
425,178,60,133
424,181,58,129
423,184,57,125
427,178,56,131
420,179,56,131
427,177,45,129
426,175,46,133
428,183,45,129
428,177,46,132
428,177,45,130
426,182,50,128
430,183,49,124
430,182,49,125
430,183,49,124
427,181,50,127
446,181,45,111
418,188,44,120
418,186,49,121
419,183,47,123
420,183,46,122
423,184,45,122
427,187,44,116
424,190,43,113
425,191,41,109
425,194,45,111
424,197,45,107
423,196,46,110
423,191,46,114
423,198,43,107
424,201,40,105
423,201,41,105
423,193,42,112
437,182,51,118
423,187,45,119
422,190,46,116
426,192,41,115
429,188,43,116
431,184,44,118
438,188,53,112
450,186,43,115
450,183,48,118
451,183,48,112
456,183,48,119
457,182,53,118
460,179,52,121
463,178,55,123
479,182,44,117
481,182,42,121
480,181,43,121
479,181,44,120
479,182,43,117
478,181,44,116
481,183,40,113
484,185,39,112
470,170,46,73
462,171,53,69
480,200,51,67
480,201,51,66
479,200,52,68
478,201,52,68
478,202,51,66
473,202,52,68
465,203,52,68
456,204,52,68
444,202,52,68
436,204,51,67
420,205,53,69
416,207,55,71
418,208,55,71
425,209,54,70
425,207,56,73
427,209,54,70
426,208,56,73
426,208,57,74
426,208,57,74
425,209,56,73
425,208,57,74
425,209,55,72
425,211,54,70
425,210,55,71
424,203,56,73
423,206,57,74
423,209,55,72
424,205,56,73
425,204,57,75
425,208,57,74
425,208,56,73
424,204,57,75
422,205,58,75
422,209,56,73
428,208,56,73
427,206,58,75
430,211,56,73
431,209,57,75
433,209,57,75
432,208,59,76
432,210,57,75
430,207,58,75
428,208,59,76
429,207,59,76
429,209,59,76
430,211,57,75
430,207,58,75
431,211,57,74
432,214,56,73
432,208,57,75
431,208,59,77
432,208,60,78
432,207,60,79
434,208,60,79
436,211,59,77
437,209,60,79
437,212,59,77
437,212,59,77
438,209,60,78
443,212,60,78
444,212,59,76
449,219,57,75
449,220,56,73
449,212,57,75
449,216,59,77
451,220,57,75
451,211,59,77
452,215,60,79
453,219,59,76
454,218,60,79
455,215,59,76
452,214,59,77
447,215,60,78
446,213,59,77
442,209,60,79
418,206,59,77
417,208,58,75
413,213,57,74
410,208,56,73
404,212,54,70
404,207,54,70
405,212,52,68
405,210,54,70
407,206,56,73
408,205,56,73
408,212,54,70
408,212,54,70
408,214,52,68
407,207,54,70
406,207,56,73
406,210,56,73
406,207,57,74
406,205,58,75
408,205,59,76
408,205,59,76
409,207,57,75
410,211,56,73
412,209,55,72
413,210,55,71
414,207,56,73
415,204,57,75
413,210,56,73
418,206,55,72
418,207,55,71
422,207,55,71
428,208,55,71
427,208,55,71
426,209,53,69
424,211,52,68
419,210,51,66
417,210,50,66
421,210,51,66
422,211,50,66
423,209,52,68
425,210,51,66
437,203,48,97
442,183,48,118
432,182,48,119
439,179,49,121
436,179,51,118
440,179,49,113
443,181,45,119
445,181,43,116
444,181,46,115
448,176,44,123
448,175,48,125
445,176,44,122
443,178,44,122
438,181,48,128
438,176,49,132
439,179,48,128
438,183,50,129
440,183,49,128
439,182,50,132
442,183,48,129
443,183,47,129
430,181,53,129
427,179,55,133
430,174,58,129
429,178,59,132
442,180,44,122
438,180,47,126
432,178,52,125
430,175,54,129
436,173,47,125
434,172,47,123
430,183,46,119
434,178,47,128
430,178,47,128
436,173,47,121
432,174,52,132
428,175,58,128
432,178,49,132
434,171,47,136
434,179,51,124
432,178,51,130
434,173,50,133
436,172,44,130
434,173,49,136
450,179,41,113
437,185,41,113
438,186,41,114
438,186,41,113
439,181,47,121
436,186,46,119
438,180,50,122
439,182,50,120
433,180,50,128
435,176,52,123
436,178,49,127
437,177,48,128
436,180,49,115
434,176,42,122
429,186,41,118
429,184,41,118
435,178,52,118
402,187,59,120
416,181,45,125
420,176,46,129
419,173,48,133
418,178,47,125
418,184,38,121
422,179,38,121
433,175,51,117
417,188,50,114
410,177,48,129
417,185,42,119
418,187,41,116
416,182,42,121
413,177,41,124
412,181,41,119
413,177,43,124
414,179,41,122
418,184,48,111
420,184,46,114
420,184,43,115
419,183,43,117
415,185,43,116
414,186,41,117
403,198,49,110
405,194,51,111
403,192,52,113
412,189,41,117
406,192,49,115
411,190,45,117
409,192,48,114
408,193,53,112
414,190,49,113
422,198,46,103
423,205,49,97
422,198,53,101
415,206,52,95
409,212,53,96
412,200,54,97
412,201,53,96
407,214,55,96
412,199,56,98
412,199,57,99
439,180,48,127
440,184,49,117
439,181,48,124
425,194,47,117
423,193,47,116
423,191,47,118
423,189,48,121
423,181,47,131
425,183,41,130
419,192,45,121
415,193,51,122
436,180,50,128
436,178,48,126
420,185,47,124
435,178,50,126
440,180,44,122
422,185,43,120
413,192,55,112
420,191,42,110
418,192,42,108
406,191,55,109
404,186,59,116
407,189,56,111
413,186,54,108
413,188,53,105
413,183,50,109
404,183,49,109
412,186,41,106
