533,158,15,29
533,158,15,29
532,158,15,30
533,158,15,29
533,158,15,29
533,158,15,29
533,158,15,29
533,158,15,29
533,157,15,30
533,158,15,29
533,158,15,29
533,158,15,29
533,158,15,29
533,158,15,29
533,158,15,29
533,157,15,30
533,158,15,29
533,158,15,29
533,158,15,29
533,158,15,29
533,157,15,30
533,158,15,29
533,158,15,29
533,158,15,29
533,158,15,29
533,158,15,29
533,157,15,30
533,158,15,29
533,158,15,29
533,158,15,29
533,158,15,29
533,158,15,29
533,158,15,29
533,158,15,29
533,158,15,29
533,158,15,29
533,158,15,29
533,158,15,29
533,157,15,30
533,158,15,29
533,158,15,29
533,158,15,29
533,158,15,29
533,158,15,29
533,158,15,29
533,158,15,29
533,158,15,29
533,158,15,29
533,158,15,29
533,157,15,30
533,158,15,29
533,158,15,29
533,158,15,29
533,158,15,29
533,158,15,29
533,158,15,29
533,158,15,29
533,158,15,29
533,158,15,29
533,158,15,29
533,158,15,29
533,158,15,29
533,158,15,29
533,158,15,29
533,158,15,29
533,158,15,29
533,158,15,29
533,158,15,29
533,158,15,29
533,158,15,29
533,158,15,29
533,158,15,29
533,158,15,29
533,158,15,29
533,158,15,29
533,158,15,29
533,158,15,29
533,158,15,29
533,158,15,29
533,158,15,29
533,158,15,29
533,158,15,29
533,158,15,29
