303,330,39,99
303,332,39,98
303,331,39,98
302,332,40,99
302,334,39,97
301,335,38,97
301,332,38,96
302,333,37,95
300,333,38,96
297,335,39,100
298,332,39,99
295,335,40,99
297,332,40,98
295,334,39,100
294,335,38,100
295,331,38,101
296,330,39,102
295,331,38,101
294,330,39,102
294,331,39,102
292,331,39,102
291,333,38,99
291,336,40,98
290,335,41,99
289,333,41,100
290,333,41,99
289,333,41,100
290,332,42,101
291,335,37,98
291,335,37,98
291,336,37,97
292,335,37,97
293,334,36,100
292,337,37,96
292,335,37,95
292,334,37,97
293,335,37,95
293,335,37,95
293,335,37,96
294,335,37,96
292,336,38,97
294,337,35,97
296,336,32,96
297,336,30,98
301,335,28,98
300,334,32,100
301,334,29,100
300,333,32,101
301,334,31,100
301,335,31,100
302,334,29,100
300,334,32,100
302,335,29,99
301,336,29,98
302,334,28,98
301,335,29,99
301,337,30,97
301,335,30,98
301,334,28,99
302,334,29,98
301,336,28,97
301,335,30,99
301,334,28,99
301,333,29,99
300,333,30,100
301,334,30,101
300,333,32,101
299,334,34,99
300,334,33,100
301,332,33,101
299,335,37,100
301,334,37,99
300,333,37,100
301,331,38,102
301,332,37,100
303,331,38,102
304,330,38,102
307,330,38,103
309,329,38,103
311,329,38,103
312,329,38,102
314,329,38,102
315,329,38,103
316,329,37,101
318,328,38,103
318,327,39,104
321,329,38,102
323,328,38,102
324,326,39,105
325,334,36,96
328,330,36,95
329,333,36,94
331,332,37,94
331,330,37,94
333,331,39,94
333,331,39,93
332,328,40,96
338,332,36,86
338,330,37,87
335,330,38,90
338,332,37,87
341,334,37,84
342,332,36,82
347,332,35,85
344,329,36,87
350,332,32,80
346,331,33,82
348,331,32,80
355,327,31,85
354,327,31,85
355,324,31,87
356,325,30,85
357,324,29,80
358,327,31,84
348,328,32,87
358,325,27,75
358,324,30,87
357,322,30,89
357,324,28,85
357,323,29,85
357,323,28,84
356,323,30,87
356,322,29,87
356,323,31,85
357,324,28,81
353,323,28,74
353,327,30,75
352,324,28,78
350,325,31,81
345,327,30,76
346,326,31,78
342,327,34,78
340,331,32,73
338,327,33,74
335,328,32,74
330,325,36,74
330,324,31,73
328,327,31,78
325,327,32,78
319,325,36,80
317,321,36,80
307,321,34,81
312,320,34,81
309,319,34,81
305,319,34,81
303,319,33,79
298,342,32,77
299,343,31,75
298,345,30,73
284,334,34,70
285,330,33,69
282,331,32,67
280,342,25,59
280,330,26,61
274,343,29,60
267,336,33,71
262,342,35,64
259,342,38,64
255,337,39,71
254,340,37,65
252,341,35,67
252,336,33,70
252,336,31,71
253,335,26,72
253,335,23,73
250,337,32,71
250,341,32,74
251,341,30,73
250,336,32,74
252,335,32,73
251,334,32,75
252,334,33,75
253,340,32,69
255,342,26,69
253,342,32,71
252,345,34,75
253,340,34,77
254,338,34,77
255,337,33,75
254,336,34,77
256,345,33,74
258,341,36,79
259,341,36,81
263,342,36,81
264,346,37,77
267,347,37,76
270,347,37,78
275,344,36,78
285,335,35,72
287,336,37,90
289,333,38,93
293,333,39,94
294,338,38,83
301,340,37,81
305,340,37,81
310,339,38,82
312,339,44,84
314,338,41,84
317,337,41,85
322,337,40,85
326,335,38,85
326,334,38,86
329,334,38,85
332,334,38,85
333,337,35,82
337,334,35,82
338,333,36,84
340,335,38,69
342,335,39,71
345,332,35,79
348,328,35,80
348,327,35,80
351,325,36,82
353,327,35,80
361,323,26,87
362,326,25,85
363,325,25,85
365,325,25,84
365,325,25,83
365,324,25,83
364,323,25,84
364,322,26,86
364,322,25,84
365,320,26,86
365,320,26,86
365,319,26,86
365,319,26,86
365,318,26,86
365,317,26,86
366,317,26,86
366,316,26,86
366,316,26,86
366,315,26,86
366,314,26,86
366,314,26,86
367,313,26,86
367,312,26,86
367,312,26,86
367,311,26,86
367,310,26,86
367,310,26,86
368,309,26,86
368,308,26,86
368,308,26,86
368,307,26,86
368,307,26,86
368,306,26,86
369,305,26,86
369,305,26,86
369,304,26,86
369,303,26,86
369,303,26,86
369,302,26,86
370,301,26,86
370,301,26,86
370,300,26,86
370,300,26,86
370,299,26,86
370,298,26,86
371,298,26,86
389,299,30,66
355,329,31,67
355,329,31,69
355,329,32,69
354,328,32,70
355,329,31,69
393,302,36,61
399,304,33,58
402,314,32,56
400,300,34,63
401,298,31,64
402,296,32,66
403,301,30,62
403,301,33,62
404,303,35,60
403,300,31,63
402,300,35,63
405,298,29,63
408,295,27,66
406,296,33,65
406,303,33,65
406,295,34,69
408,294,32,68
408,293,32,69
404,296,41,68
407,299,40,66
413,297,29,65
413,295,33,69
413,301,36,64
418,298,29,63
418,296,32,69
417,297,34,68
419,296,31,70
417,296,36,69
419,300,35,67
423,296,29,71
425,294,23,69
426,295,26,67
427,295,30,73
427,293,31,73
427,291,30,75
428,292,33,70
427,293,34,70
431,298,33,68
436,300,32,66
439,301,31,64
443,300,31,63
445,299,30,62
447,297,30,62
448,297,29,60
451,289,29,73
452,290,25,77
456,290,24,75
457,291,24,73
459,292,23,70
459,286,24,71
458,286,27,74
460,288,26,71
461,285,24,77
466,286,23,75
466,286,23,75
468,285,23,75
469,286,23,74
468,283,28,77
468,284,27,74
469,283,29,76
471,281,26,78
471,285,28,72
472,284,29,73
473,284,28,72
473,284,28,72
473,284,29,74
476,281,24,75
478,281,24,74
478,280,24,75
477,282,27,75
478,282,26,74
480,286,27,72
481,281,27,71
482,281,27,71
482,280,27,71
481,279,28,73
481,281,30,72
481,278,30,73
482,280,28,73
481,279,28,72
482,279,28,72
482,277,29,73
484,280,24,68
485,278,24,69
485,278,24,69
486,279,24,67
486,278,25,72
485,279,26,68
485,276,27,70
486,277,26,68
486,276,27,69
487,276,26,67
484,272,31,74
483,271,32,76
484,272,31,75
484,272,31,74
484,272,31,74
484,271,31,74
486,274,27,68
487,273,26,66
487,273,26,66
488,273,26,65
488,272,27,67
489,272,26,65
490,272,26,65
490,270,27,67
489,270,27,68
489,268,27,69
490,270,27,67
490,269,27,68
490,270,26,67
489,267,27,68
489,267,28,70
490,265,27,67
491,264,26,66
494,265,26,66
494,266,25,65
495,267,25,63
495,266,25,65
496,267,25,63
495,266,25,65
495,266,24,60
496,268,23,58
496,266,24,60
494,258,25,67
496,262,25,67
495,259,27,66
497,262,27,65
497,256,25,68
499,261,24,66
500,260,24,66
500,260,25,67
501,259,25,67
500,259,25,68
501,259,26,69
501,259,25,67
502,260,24,66
502,259,24,66
502,258,25,67
502,257,24,66
503,257,24,65
504,257,24,66
505,257,24,65
506,258,23,63
506,258,23,63
505,252,25,66
506,255,25,67
507,255,25,65
508,254,25,66
508,255,25,65
509,255,25,65
510,256,24,63
510,256,24,63
510,254,25,65
508,247,29,65
509,246,27,65
510,252,27,65
510,251,28,66
512,252,27,64
513,252,27,64
511,253,29,62
513,253,29,62
514,252,29,63
516,248,27,60
516,252,27,59
517,253,26,59
518,254,26,58
517,249,26,59
518,253,26,59
519,253,25,58
519,252,26,59
518,247,28,59
519,251,28,59
519,251,28,59
521,251,27,58
519,247,29,63
521,248,30,64
522,247,30,64
522,246,30,65
523,249,26,57
524,249,27,59
522,247,27,56
524,251,27,55
524,252,26,54
524,249,26,59
525,249,25,58
525,248,25,58
524,247,26,59
525,248,25,57
525,247,25,59
524,247,25,59
526,247,25,58
526,247,24,57
525,246,25,58
526,246,25,58
525,247,26,56
525,246,26,56
525,245,27,57
526,247,25,55
526,246,25,57
526,246,25,57
525,244,25,57
526,245,25,55
527,244,25,56
526,244,25,56
528,244,24,54
530,246,24,53
530,244,24,54
531,244,24,54
531,244,24,54
532,244,24,53
530,244,28,54
531,244,26,53
532,245,25,51
532,239,25,58
532,241,26,55
533,243,25,53
534,239,25,58
534,239,26,60
535,240,24,57
536,239,24,58
536,241,26,56
535,239,27,58
536,238,27,58
539,238,22,58
539,243,23,48
541,238,23,53
540,240,23,53
540,240,23,53
541,240,23,53
542,240,23,52
542,240,22,51
543,239,23,54
542,237,23,55
543,238,23,53
544,238,23,53
544,238,23,53
545,238,23,53
546,238,23,53
546,237,23,53
547,236,23,53
547,236,23,53
547,236,23,53
548,236,23,53
549,236,23,53
549,237,22,52
549,237,22,51
549,236,22,52
550,236,22,51
550,236,21,50
551,235,21,50
550,235,22,51
550,236,22,51
551,235,21,50
552,235,21,49
552,236,21,48
554,235,20,47
554,235,20,48
554,234,21,49
554,235,20,48
554,235,20,47
554,236,20,46
554,234,20,47
555,235,20,46
554,235,20,46
555,236,20,46
554,235,20,47
554,235,20,48
553,235,20,48
554,236,20,47
554,235,20,47
554,235,20,47
554,236,20,46
553,235,20,47
554,236,20,46
554,235,20,47
554,235,20,47
554,235,20,47
554,236,20,46
554,236,20,46
554,235,20,47
554,236,20,46
554,235,20,47
554,235,20,47
554,235,20,47
554,236,20,46
554,236,20,46
554,235,20,47
554,236,20,46
554,236,20,46
554,236,19,46
554,236,20,46
554,236,20,46
554,236,20,46
554,236,20,46
554,236,20,46
554,235,20,47
554,236,20,46
554,236,20,47
554,235,20,47
554,236,20,46
554,236,20,46
554,236,20,46
554,236,20,47
554,236,20,47
554,236,20,46
554,235,20,47
554,236,20,46
554,236,20,46
554,236,20,47
554,236,20,46
554,236,20,46
554,236,20,46
554,236,20,46
554,236,20,46
554,236,20,46
554,236,20,46
554,236,20,46
554,235,20,47
554,236,20,46
554,235,20,47
554,236,20,46
554,236,20,46
554,236,20,46
554,235,20,47
554,236,20,47
554,236,20,46
554,236,20,46
554,236,20,46
554,236,20,46
554,236,20,46
554,236,20,46
554,236,20,46
554,236,20,46
554,236,20,46
554,236,20,46
554,236,20,46
554,236,20,46
554,236,20,46
554,236,20,46
554,236,20,46
554,236,20,46
554,236,20,46
554,236,20,46
554,236,20,46
554,236,20,46
554,236,20,46
554,236,20,46
554,236,20,46
554,236,20,46
554,236,20,46
554,236,20,46
554,236,20,46
554,236,20,46
554,236,20,46
554,236,20,46
554,236,20,46
554,236,20,46
554,236,20,46
554,236,20,46
554,236,20,46
554,236,20,46
554,236,20,46
554,236,20,46
554,236,20,46
554,236,20,46
554,236,20,47
554,236,20,46
554,236,20,46
554,236,20,46
554,236,20,46
554,236,20,46
554,236,20,47
554,235,20,47
554,236,20,46
554,236,20,46
554,236,20,46
554,236,20,46
554,236,20,46
554,236,20,46
554,236,20,46
554,236,20,46
554,236,20,46
554,236,20,46
554,236,20,46
554,236,20,46
554,236,20,46
554,236,20,46
554,236,20,46
554,236,20,46
554,236,20,46
554,236,20,46
554,236,20,46
554,236,20,46
554,236,20,46
554,236,20,46
554,236,20,46
554,236,20,46
554,236,20,46
554,236,20,46
554,236,20,46
554,236,20,46
554,236,20,46
554,236,20,46
554,236,20,46
554,236,20,46
554,236,20,46
554,236,20,46
554,236,20,46
554,236,20,46
554,236,20,46
554,236,20,46
554,236,20,46
554,236,20,46
554,236,20,46
554,236,20,46
554,236,20,46
554,236,20,46
554,236,20,46
554,236,20,46
554,236,20,46
554,236,20,46
554,236,20,46
554,236,20,46
554,236,20,46
554,236,20,46
554,236,20,46
554,236,20,46
554,236,20,46
554,236,20,46
554,236,20,46
554,236,20,46
554,236,20,46
554,236,20,46
554,236,20,46
554,236,20,46
554,236,20,46
554,236,20,46
554,236,20,46
554,236,20,46
554,236,20,46
554,236,20,46
554,236,20,46
554,236,20,46
554,236,20,46
554,236,20,46
554,236,20,46
554,236,20,46
554,236,20,46
554,236,20,46
554,236,20,46
553,236,20,47
554,236,20,46
553,236,20,47
553,236,20,47
553,236,20,47
553,236,20,46
554,236,20,46
554,236,20,46
554,236,20,46
554,236,20,46
554,236,20,46
554,236,20,46
554,236,20,46
554,236,20,46
554,236,20,46
554,236,20,46
554,236,20,46
554,236,20,46
554,236,20,46
554,236,20,46
554,236,20,46
554,236,20,46
554,236,20,46
554,236,20,46
554,236,20,46
554,236,20,46
554,236,20,46
554,236,20,46
554,236,20,46
554,236,20,46
554,236,20,46
554,236,20,46
554,236,20,46
554,236,20,46
554,236,20,46
554,236,20,46
554,236,20,46
554,236,20,46
554,236,20,46
554,236,20,46
554,236,20,46
554,236,20,46
554,236,20,46
554,236,20,46
554,236,20,46
554,236,20,46
554,236,20,46
554,236,20,46
554,236,20,46
554,236,20,46
554,236,20,46
554,236,20,46
554,236,20,46
554,236,20,46
554,236,20,46
554,236,20,46
554,236,20,46
554,236,20,46
554,236,20,46
554,236,20,46
554,235,20,47
554,235,20,47
554,236,20,46
554,236,20,46
554,235,20,47
554,235,20,47
554,236,20,46
554,235,20,47
554,236,20,46
554,236,20,46
554,236,20,46
554,236,20,46
554,236,20,46
554,236,20,46
554,236,20,46
554,236,20,46
554,236,20,46
554,236,20,46
554,236,20,46
554,236,20,46
554,236,20,46
554,236,20,46
554,236,20,46
554,236,20,46
554,236,20,46
554,236,20,46
554,236,20,46
554,236,20,46
554,236,20,46
554,236,20,46
554,236,20,46
554,236,20,46
554,236,20,46
554,236,20,46
554,236,20,46
554,236,20,46
554,236,20,46
554,236,20,46
554,236,20,46
554,236,20,46
554,236,20,46
554,236,20,46
554,236,20,46
554,236,20,46
554,236,20,46
554,236,20,46
554,236,20,46
554,236,20,46
554,236,20,46
554,236,20,46
554,236,20,46
554,236,20,46
554,236,20,46
554,236,20,46
554,236,20,46
554,236,20,46
554,236,20,46
554,236,20,46
554,236,20,46
554,236,20,46
554,236,20,46
554,236,20,46
554,236,20,46
554,236,20,46
554,236,20,46
554,236,20,46
554,236,20,46
554,236,20,46
554,236,20,46
554,236,20,46
554,236,20,46
554,236,20,46
554,236,20,46
554,236,20,46
554,236,20,46
554,236,20,46
554,236,20,46
554,236,20,46
554,236,20,46
554,236,20,46
554,236,20,46
554,236,20,46
554,236,20,46
554,236,20,46
554,236,20,46
554,235,20,47
554,235,20,47
554,236,20,46
554,236,20,46
554,236,20,46
554,236,20,46
554,236,20,46
554,236,20,46
554,236,20,46
554,236,20,46
554,236,20,46
554,236,20,46
554,236,20,46
554,236,20,46
554,236,20,46
554,236,20,46
554,236,20,46
554,236,20,46
554,236,20,46
554,236,20,46
554,236,20,46
554,236,20,46
554,235,20,47
554,236,20,46
554,236,20,47
554,236,20,46
554,236,20,46
554,236,20,46
554,236,20,46
554,236,20,47
554,236,20,46
554,236,20,46
554,236,20,46
554,236,20,46
554,236,20,46
554,236,20,46
554,236,20,46
554,236,20,46
554,236,20,46
554,236,20,46
554,236,20,46
554,236,20,46
554,236,20,46
554,236,20,46
554,236,20,46
554,236,20,46
554,236,20,46
554,235,20,47
554,235,20,47
554,236,20,46
554,236,20,46
554,236,20,46
554,236,20,46
554,236,20,46
554,236,20,46
554,236,20,46
554,236,20,46
554,236,20,46
554,236,20,46
554,236,20,46
554,236,20,46
554,236,20,46
554,236,20,46
554,236,20,46
554,236,20,46
554,236,20,46
554,236,20,46
554,236,20,46
554,236,20,46
554,236,20,46
554,236,20,46
554,236,20,46
554,236,20,46
554,236,20,46
554,236,20,46
554,236,20,46
554,236,20,46
554,236,20,46
554,236,20,46
554,236,20,46
554,236,20,46
554,236,20,46
554,236,20,46
554,236,20,46
554,236,20,46
554,236,20,46
554,236,20,46
554,236,20,46
554,236,20,46
554,236,20,46
554,236,20,46
554,236,20,46
554,236,20,46
554,236,20,46
554,236,20,46
554,236,20,46
554,236,20,46
554,236,20,46
554,236,20,46
554,236,20,46
554,236,20,46
554,236,20,46
554,236,20,46
554,236,20,46
554,236,20,46
554,236,20,46
554,236,20,46
554,236,20,46
554,236,20,46
554,236,20,46
554,236,20,46
554,236,20,46
554,236,20,46
554,236,20,46
554,236,20,46
554,236,20,46
554,236,20,46
554,236,20,46
554,236,20,46
554,236,20,46
554,236,20,46
554,236,20,47
554,236,20,46
554,236,20,46
554,236,20,46
554,236,20,46
554,236,20,46
554,236,20,46
554,236,20,46
554,236,20,46
554,236,20,46
554,236,20,46
554,236,20,46
554,236,20,46
554,236,20,46
554,236,20,46
554,236,20,46
554,236,20,46
554,236,20,46
554,236,20,46
554,236,20,46
554,236,20,46
554,236,20,46
554,236,20,46
554,236,20,46
554,236,20,46
554,236,20,46
