165,268,20,16
165,268,20,16
164,267,20,16
165,267,20,16
164,267,20,16
165,267,21,17
165,267,20,16
165,266,20,16
164,266,20,16
165,267,20,16
164,265,20,16
164,265,20,16
165,263,20,16
164,262,20,16
163,262,20,16
163,262,20,16
163,261,20,16
163,260,20,16
164,260,19,16
163,259,20,16
163,259,20,16
162,258,20,16
162,258,21,16
162,257,21,17
162,257,21,17
162,257,20,16
163,256,20,16
162,255,21,16
162,255,21,16
162,255,20,16
161,254,21,17
161,254,21,16
161,254,20,16
161,253,20,16
161,253,20,16
161,253,20,16
161,253,20,16
161,253,20,16
161,253,20,16
161,253,20,16
160,252,20,16
161,252,20,16
160,252,20,16
161,253,20,16
160,252,20,16
161,252,20,16
161,253,19,16
161,252,20,16
161,252,20,16
160,252,20,16
161,252,20,16
161,252,20,16
161,252,20,16
161,253,20,16
161,253,20,16
161,253,21,16
161,254,20,16
162,254,20,16
162,254,20,16
162,254,20,16
162,254,21,16
162,255,20,16
162,255,20,16
162,255,21,17
162,256,20,16
162,256,20,16
162,256,20,16
163,256,20,16
163,257,20,16
162,257,21,16
163,258,20,16
163,258,20,16
162,258,20,16
162,259,20,16
163,260,20,16
163,260,20,16
163,260,21,16
163,261,20,16
163,261,20,16
162,261,20,16
163,261,20,16
163,262,20,16
162,262,21,16
162,256,21,17
162,253,22,17
163,250,22,18
163,248,22,17
164,249,22,18
165,246,22,17
166,245,22,17
167,244,22,17
168,242,22,17
168,240,22,18
169,239,22,18
170,237,22,18
171,236,22,18
170,238,21,17
172,237,21,17
172,236,21,17
172,236,20,16
172,235,20,16
172,234,20,16
174,232,20,16
176,231,20,16
177,230,21,16
177,229,20,16
179,229,20,16
180,228,19,15
181,226,20,16
182,225,20,16
183,225,20,16
184,224,19,15
185,224,19,15
186,224,18,15
186,222,18,15
186,221,19,15
187,220,20,16
188,220,19,15
189,219,19,15
190,218,18,15
191,218,19,15
192,216,20,16
193,216,19,15
193,214,20,16
195,215,19,15
195,214,20,16
196,213,19,15
197,212,19,15
198,212,19,15
198,210,20,16
200,211,19,15
200,210,20,16
202,209,20,16
203,209,19,15
203,209,18,15
204,208,18,15
205,207,19,15
205,206,19,15
206,206,20,16
206,205,20,16
209,205,19,15
210,205,19,15
211,204,18,15
212,204,18,15
213,203,18,14
213,202,18,15
214,201,19,15
214,201,19,15
215,200,20,16
215,200,20,16
217,200,20,16
218,199,20,16
219,199,19,15
220,199,19,15
222,198,18,15
222,198,18,15
222,197,19,15
224,197,18,15
225,197,18,14
226,197,18,15
226,197,18,15
226,196,19,15
228,195,20,16
229,195,19,15
230,195,18,15
232,195,18,14
232,195,18,15
232,193,19,15
234,193,18,15
235,193,18,14
236,193,17,14
237,192,18,14
237,191,18,15
237,191,19,15
238,190,20,16
237,190,20,16
240,190,20,16
241,190,20,16
242,190,20,16
243,190,20,16
244,189,20,16
245,189,19,15
246,189,20,16
247,188,20,16
247,188,20,16
248,187,21,16
248,187,20,16
249,187,20,16
250,187,20,16
251,187,20,16
251,186,20,16
250,185,20,16
249,185,20,16
248,179,20,16
252,187,20,16
251,182,20,16
253,180,21,16
262,187,20,16
258,189,20,16
260,184,20,16
259,183,20,16
258,179,20,16
258,181,20,16
258,181,21,16
258,181,21,17
257,180,22,17
257,181,22,18
256,180,22,18
256,180,22,18
257,180,22,17
257,179,21,17
257,178,21,17
258,178,21,17
258,178,21,17
258,177,21,17
257,176,21,16
257,176,21,17
257,175,21,17
257,175,21,17
257,175,21,17
258,174,21,16
258,174,21,16
258,173,21,17
258,173,20,16
259,174,20,16
258,173,20,16
258,172,21,16
258,171,20,16
258,171,20,16
257,171,20,16
258,172,20,16
257,170,20,16
257,170,20,16
257,169,21,16
257,169,21,16
256,169,21,16
255,168,20,16
255,168,21,16
255,168,20,16
254,167,20,16
253,167,20,16
253,166,20,16
253,167,21,16
253,166,21,17
253,165,21,17
252,165,22,17
252,164,22,18
252,164,22,18
252,164,22,18
253,165,22,17
252,163,22,18
251,163,23,18
251,163,23,18
250,162,24,19
251,162,23,19
251,163,23,18
251,163,23,18
248,161,24,19
246,160,24,19
246,160,25,20
246,160,24,19
245,160,24,19
245,159,25,20
246,158,25,20
245,158,26,21
243,157,26,21
244,158,26,21
243,157,26,21
245,157,25,20
243,158,25,20
243,158,25,20
242,158,25,20
241,157,26,21
241,157,26,21
241,156,26,21
240,156,26,21
238,155,27,21
238,156,26,21
237,155,26,21
236,155,27,21
236,156,26,21
237,156,26,21
237,156,25,20
237,156,25,20
237,156,25,20
237,155,25,20
236,156,25,20
236,156,24,19
235,157,24,19
234,157,23,19
235,157,23,18
235,158,22,18
235,158,22,18
236,159,21,17
236,159,21,17
237,159,20,16
237,158,20,16
237,159,20,16
237,159,20,16
237,159,20,16
237,159,20,16
239,154,21,16
239,153,21,16
240,151,21,16
233,154,21,17
233,156,22,17
232,153,22,18
232,153,22,18
232,153,23,18
231,153,23,18
229,153,23,18
227,152,23,19
226,151,24,19
225,150,24,19
223,149,25,20
222,149,25,20
221,149,25,20
221,149,24,19
220,150,24,19
219,149,25,20
219,151,25,20
219,150,25,20
219,149,24,19
219,149,24,20
219,149,24,19
220,149,23,19
219,150,24,19
217,147,25,20
216,146,25,20
215,146,26,21
214,147,26,21
214,146,26,21
211,146,26,21
208,144,27,21
207,144,26,21
204,143,26,21
204,143,25,20
203,145,24,20
200,145,24,20
198,143,25,20
198,143,25,20
197,143,25,20
198,144,25,20
198,143,25,20
198,142,25,20
197,142,25,20
197,141,25,20
197,141,24,20
196,141,25,20
195,141,25,20
194,141,25,20
193,141,25,20
191,140,25,20
188,138,26,21
186,139,26,21
184,138,26,21
184,139,26,21
184,140,25,20
185,140,24,20
185,139,24,19
186,139,23,19
185,139,24,19
183,138,25,20
184,140,24,20
184,138,24,19
184,137,24,19
184,137,24,19
184,137,24,19
183,137,24,19
183,136,24,19
183,136,24,19
183,136,23,19
182,135,23,19
181,135,23,19
181,135,23,18
180,135,23,19
179,135,23,19
179,135,23,18
180,135,22,18
180,134,22,18
180,135,22,17
180,135,22,18
179,135,23,18
178,134,23,19
178,133,24,19
177,134,24,20
177,134,25,20
176,133,25,20
175,132,25,20
175,133,25,20
174,132,25,20
174,132,25,20
173,132,25,20
172,133,25,20
171,132,26,21
169,132,25,20
169,132,25,20
169,132,24,19
168,132,25,20
168,133,24,19
168,133,24,19
168,132,25,20
168,132,24,19
168,132,25,20
167,132,25,20
168,132,25,20
168,132,25,20
168,132,24,19
167,132,25,20
168,132,24,19
168,132,25,20
168,133,25,20
167,132,25,20
168,132,24,19
167,132,25,20
167,132,25,20
167,131,25,20
167,132,25,20
167,132,25,20
168,132,25,20
168,133,24,19
168,132,24,19
168,132,24,19
168,132,25,20
167,132,25,20
167,132,25,20
167,132,25,20
168,132,25,20
167,132,25,20
168,132,24,19
168,132,24,19
168,133,24,19
168,133,24,19
169,133,23,19
168,132,24,19
169,133,23,18
168,132,24,19
167,132,24,19
168,133,24,20
168,132,24,19
167,132,25,20
168,132,24,19
167,132,25,20
167,132,25,20
167,132,25,20
166,131,25,20
167,132,25,20
167,131,25,20
167,131,26,21
166,131,25,20
166,130,25,20
165,130,25,20
164,130,25,20
163,130,25,20
162,130,25,20
160,130,26,21
159,129,26,21
158,128,26,21
156,128,26,21
155,128,26,21
154,129,25,20
154,130,25,20
152,130,25,20
151,129,25,20
151,130,25,20
151,130,25,20
150,129,25,20
150,129,25,20
150,130,25,20
150,129,25,20
150,129,25,20
149,130,24,20
148,130,25,20
143,129,25,20
142,130,25,20
142,130,25,20
141,130,25,20
141,129,25,20
140,130,25,20
141,130,25,20
140,130,25,20
140,130,25,20
140,134,24,19
140,134,24,19
140,132,23,19
142,132,23,18
143,132,23,18
143,132,23,18
141,131,23,19
141,131,23,18
141,131,24,19
142,131,23,19
142,132,23,19
142,132,23,18
142,132,23,18
141,131,23,19
141,131,23,18
142,132,23,18
141,132,23,18
142,133,22,17
142,133,22,17
141,133,21,17
139,132,22,18
139,132,22,18
138,133,21,17
137,133,21,17
140,134,20,16
139,133,20,16
140,133,20,16
139,133,20,16
138,133,20,16
139,133,20,16
139,133,20,16
140,133,20,16
139,133,20,16
138,133,21,17
139,133,20,16
138,133,20,16
138,134,20,16
139,133,20,16
138,133,20,16
138,133,20,16
138,133,20,16
138,134,20,16
138,134,20,16
138,134,20,16
139,134,20,16
138,133,20,16
138,133,20,16
138,134,20,16
138,133,21,17
138,134,20,16
138,133,21,17
138,133,21,17
138,133,21,17
138,134,21,17
138,134,21,17
138,134,21,17
138,133,21,17
137,133,22,17
137,133,21,17
138,134,21,17
138,134,21,17
138,134,21,17
137,133,21,17
137,133,21,17
137,133,21,17
137,133,21,17
138,133,21,17
138,134,21,17
138,134,21,17
138,133,21,17
138,133,21,17
137,133,21,17
138,133,21,17
138,134,21,17
137,133,21,17
138,134,20,16
137,133,21,17
137,133,21,17
137,133,21,17
137,133,21,17
137,133,21,17
137,133,21,17
137,133,21,17
136,133,22,18
137,134,21,17
137,134,21,17
137,134,21,17
137,134,21,17
137,134,21,17
137,134,21,17
136,133,22,18
136,134,21,17
137,134,21,17
137,134,21,17
137,135,21,16
138,135,20,16
138,135,20,16
139,135,20,16
140,135,20,16
140,135,19,15
140,135,20,16
139,135,20,16
140,135,20,16
139,135,20,16
139,135,20,16
140,135,20,16
139,134,20,16
139,135,20,16
140,135,20,16
141,135,20,16
140,135,20,16
140,135,20,16
141,134,19,15
140,135,20,16
139,135,20,16
140,135,20,16
140,134,20,16
139,134,20,16
141,134,20,16
140,134,20,16
140,135,20,16
141,135,20,16
140,135,20,16
139,134,20,16
140,134,20,16
140,135,20,16
140,135,20,16
140,135,20,16
140,135,20,16
139,134,20,16
140,134,20,16
140,134,20,16
138,134,21,17
140,135,20,16
140,135,20,16
140,134,20,16
139,134,20,16
140,134,20,16
139,134,20,16
139,134,20,16
139,135,20,16
139,134,20,16
139,134,20,16
140,134,20,16
139,134,20,16
140,134,20,16
139,135,20,16
139,135,20,16
139,134,20,16
140,134,20,16
139,134,20,16
139,134,20,16
140,135,20,16
140,134,20,16
139,133,21,17
139,134,20,16
140,134,20,16
140,134,20,16
140,134,20,16
140,135,20,16
140,134,20,16
139,134,20,16
140,134,20,16
139,134,20,16
139,135,20,16
139,135,20,16
139,134,20,16
139,134,20,16
139,134,20,16
139,134,20,16
139,135,20,16
139,135,20,16
139,134,20,16
139,134,20,16
139,134,20,16
140,134,20,16
139,134,20,16
140,135,20,16
139,134,20,16
139,134,20,16
139,134,20,16
139,134,20,16
139,134,20,16
139,135,20,16
139,134,20,16
139,134,20,16
139,134,20,16
139,134,20,16
140,134,20,16
140,134,20,16
139,134,20,16
139,134,20,16
140,134,20,16
139,134,20,16
139,134,20,16
140,134,20,16
139,134,20,16
139,134,20,16
139,133,20,16
139,134,20,16
140,134,20,16
139,134,20,16
139,134,20,16
139,133,20,16
139,134,20,16
140,134,20,16
140,134,20,16
139,134,20,16
139,133,20,16
139,134,20,16
139,133,20,16
140,134,20,16
140,135,20,16
140,134,20,16
139,134,20,16
139,133,20,16
140,134,20,16
140,134,20,16
140,135,20,16
140,135,20,16
139,133,20,16
139,134,20,16
139,134,20,16
140,134,20,16
140,135,20,16
140,134,20,16
140,134,20,16
139,134,20,16
139,133,20,16
140,134,20,16
140,134,20,16
140,134,20,16
139,134,20,16
139,134,20,16
139,134,20,16
140,134,20,16
140,134,20,16
140,134,20,16
140,134,20,16
139,134,20,16
139,134,20,16
140,134,20,16
140,134,20,16
140,135,20,16
140,134,20,16
139,133,20,16
140,134,20,16
140,134,20,16
140,134,20,16
140,135,20,16
140,134,20,16
139,133,20,16
140,134,20,16
140,134,20,16
140,134,20,16
140,134,20,16
140,134,20,16
140,134,20,16
139,133,20,16
140,134,20,16
140,134,20,16
140,134,20,16
140,134,20,16
140,134,20,16
140,134,20,16
140,134,20,16
140,134,20,16
140,135,20,16
139,134,20,16
140,134,20,16
140,134,20,16
140,134,20,16
140,134,20,16
140,134,20,16
140,134,20,16
140,134,20,16
140,134,20,16
140,134,20,16
140,134,20,16
140,134,20,16
140,135,20,16
140,134,20,16
140,134,20,16
140,134,20,16
140,134,20,16
140,135,20,16
140,134,20,16
140,134,20,16
140,134,20,16
140,134,20,16
140,134,20,16
140,135,20,16
140,134,20,16
140,134,20,16
140,134,20,16
140,134,20,16
140,134,20,16
140,134,20,16
140,135,20,16
140,134,20,16
140,134,20,16
140,134,20,16
140,134,20,16
140,134,20,16
140,135,20,16
140,134,20,16
140,134,20,16
140,134,20,16
140,134,20,16
140,134,20,16
140,134,20,16
140,134,20,16
140,134,20,16
140,134,20,16
140,134,20,16
140,134,20,16
140,134,20,16
140,134,20,16
140,134,20,16
140,133,20,16
140,134,20,16
140,134,20,16
140,134,20,16
140,134,20,16
140,134,20,16
140,134,20,16
140,134,20,16
140,134,20,16
140,134,20,16
140,134,20,16
140,135,20,16
140,134,20,16
140,134,20,16
140,134,20,16
140,134,20,16
140,134,20,16
140,134,20,16
140,134,20,16
140,134,20,16
140,134,20,16
140,134,20,16
140,134,20,16
140,134,20,16
139,134,20,16
139,134,20,16
139,134,20,16
140,134,20,16
140,134,20,16
140,134,20,16
140,134,20,16
139,133,21,17
139,133,21,17
139,133,21,17
140,133,21,17
139,132,22,18
140,131,23,18
140,131,23,19
140,132,23,18
140,132,22,18
140,133,22,17
139,133,22,18
140,133,23,18
139,132,22,18
139,133,21,17
139,133,21,17
140,134,21,17
139,133,21,17
139,133,21,17
139,133,21,17
139,134,21,17
139,133,21,17
139,133,21,17
139,133,21,17
139,133,21,17
138,133,21,17
138,132,21,17
139,133,21,17
138,133,21,17
138,133,21,17
138,133,21,17
139,133,21,17
138,133,21,17
139,133,21,17
138,133,21,17
138,133,21,17
138,133,21,17
139,133,21,17
138,133,21,17
138,133,21,17
139,133,21,17
139,133,22,17
139,134,21,17
139,133,22,17
139,133,22,17
138,133,22,18
139,133,22,18
139,134,21,17
139,134,21,17
139,134,21,17
139,134,21,17
139,134,21,17
139,132,22,17
139,134,22,17
139,133,21,17
138,133,21,17
139,134,20,16
139,133,20,16
139,134,20,16
138,134,21,17
138,133,21,17
138,134,21,17
138,133,21,17
138,134,20,16
139,134,20,16
139,133,20,16
139,134,20,16
139,134,20,16
139,134,20,16
139,134,20,16
139,133,20,16
139,133,20,16
139,134,20,16
139,134,20,16
139,134,20,16
139,134,20,16
139,134,20,16
139,133,20,16
139,133,21,17
138,132,21,17
138,132,21,17
139,132,22,18
140,131,23,18
140,131,23,19
140,132,23,19
141,130,24,19
140,131,25,20
140,128,26,21
142,129,26,21
140,128,27,21
140,127,27,22
139,129,27,21
140,130,26,21
138,130,25,20
140,130,25,20
140,129,25,20
139,129,25,20
139,129,26,21
140,128,26,21
140,128,26,21
139,127,27,21
139,128,27,22
139,128,27,22
139,128,27,21
140,128,27,22
139,128,27,21
139,128,27,21
139,128,27,22
139,127,27,22
139,128,27,22
140,129,27,21
139,128,27,21
139,127,27,22
139,128,27,21
139,127,27,22
139,128,27,22
139,128,27,22
139,128,27,22
139,128,28,22
139,127,28,22
139,127,27,22
139,128,27,22
139,128,27,22
139,128,28,22
139,129,27,22
139,128,27,22
139,127,27,22
139,128,27,22
139,127,28,22
140,128,27,22
139,128,27,22
139,128,27,22
139,127,28,22
139,127,27,22
139,128,28,22
140,128,27,22
140,127,27,22
139,128,28,22
139,127,28,22
139,127,28,22
140,128,27,22
139,128,28,22
139,128,28,22
139,128,28,22
139,127,28,23
139,127,28,22
139,127,28,23
139,128,28,22
139,128,28,22
140,128,27,22
139,128,28,22
139,127,28,22
139,128,27,22
140,128,27,22
139,128,28,22
139,128,27,22
139,127,28,22
139,127,28,22
139,127,28,23
139,128,28,22
139,128,28,22
139,127,28,22
140,128,27,22
139,127,28,22
139,127,28,23
139,127,28,23
139,128,28,23
139,128,28,22
139,127,28,23
139,127,28,23
139,127,28,23
139,128,28,22
139,128,28,22
140,128,27,22
139,127,28,22
139,127,28,23
139,127,28,23
140,128,28,22
139,128,28,23
139,127,28,23
139,127,28,23
139,127,28,22
139,127,28,22
139,127,28,22
140,128,27,22
140,128,27,22
139,127,28,22
139,127,28,23
139,127,28,23
139,127,28,23
139,128,28,23
139,127,28,22
139,127,28,23
139,127,28,22
139,127,28,22
139,127,28,23
139,127,28,23
139,127,28,22
139,127,28,22
139,127,28,22
139,127,28,23
139,127,28,23
139,127,28,23
139,128,28,22
139,127,28,23
139,127,28,22
139,127,28,23
139,127,28,23
139,128,28,22
139,127,28,23
139,127,28,22
139,127,28,23
139,127,28,23
139,127,28,23
140,128,28,22
139,127,28,23
139,127,28,23
139,127,28,23
139,127,28,22
139,127,28,22
139,127,28,23
139,127,28,22
139,127,28,23
139,127,28,22
139,127,28,22
139,127,28,23
139,128,28,22
139,127,28,23
139,127,28,22
139,127,28,23
139,127,28,23
139,127,28,23
139,127,28,23
139,127,28,23
139,127,28,23
139,127,28,23
139,128,28,23
139,127,28,23
139,127,28,23
140,127,28,22
139,127,28,23
139,127,28,23
139,127,28,23
139,127,28,23
139,127,28,23
139,127,28,23
139,128,28,23
139,128,28,22
139,127,28,23
139,127,28,23
139,127,28,23
139,127,28,23
139,128,28,22
139,128,28,23
139,127,28,23
139,127,28,23
139,127,28,23
139,127,28,23
139,127,28,23
139,127,28,23
139,127,28,22
139,127,28,22
139,127,28,22
139,128,28,22
139,127,28,23
139,128,28,22
139,127,28,23
139,127,28,23
139,127,28,22
139,127,28,23
139,127,28,23
139,128,28,22
139,127,28,23
139,127,28,23
139,127,28,23
139,127,28,22
139,128,28,22
139,127,28,22
139,127,28,22
139,127,28,23
139,127,28,23
139,127,28,23
139,127,28,23
139,127,28,23
139,127,28,23
139,127,28,23
139,127,28,23
139,127,28,23
139,127,28,23
139,127,28,23
139,127,28,22
139,128,28,22
139,127,28,23
139,128,28,22
139,128,28,22
139,128,28,22
139,127,28,23
139,127,28,23
139,127,28,23
139,127,28,23
139,127,28,23
139,127,28,23
139,128,28,23
139,127,28,23
139,127,28,23
139,127,28,23
139,127,28,22
139,128,28,22
139,128,28,22
139,127,28,23
139,127,28,23
139,127,28,22
139,127,28,22
139,127,28,23
139,127,28,23
139,127,28,22
139,128,28,23
139,127,28,23
139,127,28,22
139,127,28,23
139,127,28,23
138,127,29,23
139,128,28,23
139,127,28,23
139,127,28,22
139,127,28,23
140,127,28,22
139,127,28,23
140,128,28,22
139,127,28,23
139,127,28,23
139,127,28,23
139,127,28,23
139,127,28,23
140,128,28,22
140,128,28,22
139,128,28,22
