546,58,37,98
544,63,36,95
543,65,36,94
539,67,36,96
537,69,37,98
532,72,36,95
529,74,36,94
526,75,37,97
519,77,36,95
516,79,36,95
508,81,36,95
504,83,37,97
494,84,38,100
489,84,39,103
482,88,39,102
475,88,39,104
453,95,40,105
445,99,41,108
441,102,41,109
439,103,41,108
437,104,42,110
424,105,42,110
417,105,42,110
402,106,41,109
394,109,41,108
386,109,42,110
376,111,41,108
370,115,40,106
365,114,41,108
357,116,40,105
357,117,41,108
350,118,41,108
345,120,41,108
340,121,41,108
317,118,41,108
314,118,40,105
302,119,40,107
297,118,40,107
288,119,40,107
281,119,40,107
272,121,41,108
261,120,41,108
254,120,41,108
242,121,41,108
235,121,41,108
228,120,42,112
217,119,41,108
211,118,42,110
198,116,42,110
193,116,41,108
182,114,41,109
172,112,41,109
166,113,40,107
161,111,40,105
156,111,40,105
148,109,39,103
145,107,40,106
141,106,40,107
131,102,41,109
119,103,40,107
125,102,40,105
124,102,39,102
121,100,39,103
114,99,38,101
112,97,39,103
110,95,39,102
108,95,38,101
108,93,38,101
106,93,37,98
106,90,37,98
107,88,38,101
102,87,38,100
105,87,37,98
105,85,37,98
105,84,36,95
106,82,36,96
108,79,36,96
109,79,36,96
111,77,36,96
114,77,36,94
118,75,36,94
120,75,35,91
123,72,36,94
125,71,36,94
129,69,35,93
133,68,35,92
138,67,35,92
141,67,34,90
145,64,35,92
149,64,34,91
154,62,34,90
158,61,34,90
162,61,33,89
166,61,33,87
170,59,33,87
174,58,33,87
179,56,33,86
184,55,33,86
184,53,33,89
183,54,33,86
181,58,32,84
178,61,31,82
177,65,30,80
172,70,31,82
172,71,30,80
172,75,30,79
167,78,31,81
164,81,31,83
163,84,30,80
162,88,29,78
160,91,30,79
158,93,30,80
156,96,30,79
154,101,30,80
153,105,29,78
153,107,29,76
150,112,28,75
147,114,29,76
146,120,28,74
145,122,28,73
142,123,28,75
139,127,29,76
138,130,28,74
136,132,28,75
134,138,27,73
134,141,27,71
130,145,28,73
127,147,29,76
126,149,28,75
123,153,28,75
121,156,29,76
120,158,28,74
118,165,27,73
116,167,27,73
111,166,28,75
109,166,29,76
108,165,29,77
105,165,29,77
103,165,29,77
102,164,29,78
103,163,29,78
98,163,30,79
109,162,29,77
115,162,29,76
106,161,30,79
124,162,29,76
128,162,29,76
131,161,28,75
138,160,28,75
141,159,28,75
146,159,28,75
149,158,29,76
155,158,28,75
158,156,28,75
163,155,29,76
166,155,28,74
172,155,28,74
176,156,28,74
181,157,28,74
182,156,29,76
187,154,29,76
192,154,28,73
194,154,27,71
198,154,27,71
200,154,27,71
205,155,27,71
207,154,27,71
208,154,26,69
212,154,25,67
213,154,25,66
214,153,26,68
217,152,26,69
220,151,27,71
222,151,27,71
224,150,27,73
228,149,27,71
229,149,26,69
232,147,27,71
234,147,27,71
236,146,27,71
238,145,26,70
239,145,27,72
241,144,27,71
243,143,28,73
244,143,27,73
245,143,27,71
247,142,27,71
248,141,27,71
249,140,28,73
249,140,27,71
250,139,26,70
251,139,27,71
252,138,27,71
252,138,27,71
252,137,27,71
252,136,27,73
252,136,27,71
253,136,27,71
252,135,27,71
251,135,27,71
251,134,27,71
251,134,26,68
251,133,27,71
250,133,27,71
249,132,28,73
249,132,27,72
248,132,27,71
247,132,27,71
246,131,27,71
245,131,27,71
244,130,26,69
243,131,25,67
242,131,25,66
241,131,25,66
240,130,25,66
238,130,25,66
237,129,25,66
235,128,25,66
235,125,24,64
204,147,25,66
205,146,26,68
214,145,26,68
218,145,27,71
226,146,27,71
231,145,27,71
237,143,27,73
245,144,27,71
250,145,26,69
257,144,26,69
261,144,26,70
269,143,27,71
273,143,27,72
283,143,27,71
292,143,26,69
297,143,27,71
305,143,26,70
310,143,26,68
318,143,27,71
323,142,27,71
331,142,27,71
335,142,27,71
343,142,27,71
348,141,27,73
357,142,27,71
361,142,26,70
370,141,26,70
374,141,26,70
383,141,26,70
385,141,26,70
384,140,27,71
384,140,27,72
384,141,27,71
384,141,27,71
383,141,27,71
395,141,27,72
395,141,27,72
401,141,27,71
406,140,27,71
414,140,27,71
419,140,27,71
422,140,27,71
432,139,27,71
436,140,27,71
444,139,27,71
449,139,27,72
458,139,27,71
462,139,26,70
471,139,27,71
475,139,27,71
483,138,27,71
489,138,27,71
497,138,27,71
501,138,27,71
510,138,27,71
515,138,27,71
523,137,27,73
527,137,27,71
532,138,27,71
541,137,27,72
545,137,27,73
554,137,27,71
558,137,27,71
567,137,27,71
572,137,27,72
580,137,27,71
585,137,27,72
594,137,27,71
599,137,27,71
607,137,27,71
611,137,27,71
619,136,27,72
629,137,27,72
633,137,27,71
636,136,26,69
606,139,26,68
617,132,26,68
599,137,27,71
596,180,27,71
603,181,26,69
607,181,27,71
618,180,27,73
621,180,27,73
615,195,27,71
603,201,27,71
609,200,27,71
591,207,27,73
602,213,28,73
615,258,28,74
617,273,27,72
614,287,27,73
612,285,28,75
616,299,28,73
616,300,27,71
613,290,28,73
615,299,29,76
601,313,28,73
612,312,28,74
614,317,28,75
615,336,29,76
616,340,28,75
616,346,29,76
615,349,28,73
609,354,27,73
617,349,27,72
617,349,27,71
618,354,26,69
617,351,26,70
617,349,27,71
617,350,27,73
618,351,27,71
617,349,27,72
617,350,27,72
617,350,26,70
618,351,26,69
617,351,26,69
617,351,26,69
617,350,27,71
617,351,26,70
617,352,26,70
617,352,26,70
617,355,27,72
617,360,27,73
617,364,27,71
618,373,27,71
617,373,27,73
618,376,27,71
617,382,27,71
617,384,27,73
617,389,27,73
617,391,27,73
617,397,27,72
617,400,27,71
618,402,27,71
617,405,27,72
618,411,27,71
617,415,27,71
617,419,27,73
617,421,28,75
617,426,28,74
618,431,27,73
617,433,27,71
618,436,27,71
616,442,27,73
618,444,27,72
618,446,28,73
617,452,27,71
616,438,26,69
615,440,26,68
619,439,25,66
618,436,25,66
617,439,25,65
618,439,25,66
619,443,25,66
618,443,25,67
619,445,25,66
620,446,25,66
620,447,24,64
620,436,25,66
619,440,24,64
620,438,25,65
618,438,24,65
617,439,24,64
617,441,24,65
619,442,24,63
618,443,24,65
618,442,25,66
618,441,25,67
618,441,26,68
618,440,26,70
618,441,27,71
618,441,27,72
617,441,27,73
617,440,28,73
617,440,28,73
617,441,27,73
618,441,27,71
618,440,27,72
618,440,27,72
618,441,27,73
618,441,28,73
617,439,29,76
617,440,28,74
618,439,28,74
617,438,27,73
616,438,28,74
616,438,29,76
616,437,29,78
618,438,29,78
615,437,29,76
614,436,29,77
616,437,29,78
615,437,30,80
616,437,29,78
614,438,30,80
616,437,31,81
615,438,30,80
615,436,31,81
615,435,31,82
616,437,30,80
616,437,31,83
614,435,32,85
615,433,33,88
613,434,34,90
613,436,33,89
615,433,34,90
612,432,35,92
613,434,35,93
613,433,36,95
613,432,37,98
613,431,37,98
612,430,38,101
613,431,37,98
613,431,37,98
612,430,37,99
611,430,39,102
612,432,38,100
611,430,39,103
611,430,39,102
613,431,38,100
612,431,37,98
612,430,38,101
613,430,38,100
612,430,37,99
613,431,38,100
611,431,37,98
612,431,37,98
613,432,36,96
613,430,37,97
613,432,36,95
613,432,36,95
613,432,36,95
613,431,36,96
612,430,37,99
613,431,37,98
613,431,37,97
613,431,36,96
613,432,36,95
612,431,37,97
612,431,38,100
612,431,38,101
613,431,38,100
613,431,38,100
613,431,38,100
