7,200,41,115
11,203,44,115
16,205,42,110
20,202,42,112
26,201,41,117
28,200,44,116
30,201,43,113
33,199,43,118
36,199,43,120
37,202,44,117
41,204,41,117
46,203,39,120
48,205,37,115
50,204,37,118
50,204,42,120
52,202,39,122
54,203,41,123
56,204,39,121
57,206,39,118
58,203,39,123
61,203,37,120
63,204,39,118
63,203,40,123
63,205,44,119
65,204,42,121
67,204,43,123
67,204,43,123
68,205,44,125
69,205,45,123
73,204,41,125
75,200,39,131
75,204,41,127
77,206,41,125
79,204,40,129
76,203,43,130
81,207,38,125
81,207,38,125
80,209,40,123
81,209,40,122
83,208,38,124
83,212,38,119
84,210,38,125
85,208,38,126
83,210,40,123
84,210,39,121
84,212,38,124
85,210,38,126
86,212,37,123
85,208,39,129
86,208,38,130
86,210,37,126
85,207,38,130
84,210,39,128
83,209,40,130
82,210,40,128
81,211,40,127
80,214,40,125
79,217,39,119
78,212,40,126
76,215,40,122
74,216,39,118
72,214,37,121
72,214,37,122
68,215,40,122
69,221,44,117
66,215,39,122
64,216,39,122
62,215,40,122
61,214,40,123
58,216,42,121
58,216,40,119
56,217,40,117
55,218,39,117
53,218,40,118
54,220,39,117
52,219,39,118
53,219,39,117
52,220,40,117
53,220,39,116
53,220,38,117
53,220,39,116
54,219,39,117
54,219,39,117
54,219,39,118
53,219,40,118
54,218,41,118
54,216,40,120
51,214,42,121
52,213,41,121
52,213,41,123
51,212,43,126
50,211,44,127
51,212,44,125
50,212,44,126
50,212,44,125
50,211,44,126
49,211,45,126
48,214,43,122
46,212,45,124
45,215,46,121
45,216,45,121
45,217,43,119
45,215,42,122
44,217,43,118
42,215,45,118
41,216,45,118
41,215,44,118
42,216,44,118
42,215,42,117
41,216,43,116
42,215,42,117
43,216,41,117
43,215,41,118
44,214,41,117
44,214,42,119
45,214,42,120
46,213,42,119
46,210,42,124
48,210,41,123
47,212,42,120
49,210,41,123
49,210,41,123
49,212,41,122
50,211,41,122
50,210,42,124
49,211,42,123
48,208,42,126
49,210,42,124
47,210,43,123
47,210,42,125
46,209,43,124
44,210,45,123
43,212,45,121
41,214,44,119
42,214,42,120
41,215,41,117
40,214,42,119
39,216,40,117
39,215,40,116
39,217,41,114
37,217,42,115
37,217,43,115
38,217,42,116
39,217,41,116
40,217,41,117
42,218,40,114
41,217,41,116
41,216,43,117
41,215,43,118
43,214,42,120
44,215,42,118
45,213,40,120
44,211,43,121
47,213,41,120
48,212,41,120
47,212,41,119
47,213,41,118
49,216,39,115
51,215,38,115
46,216,43,114
44,217,44,114
38,214,49,115
38,211,48,119
42,213,46,117
43,213,45,118
40,209,53,120
40,208,56,123
38,212,45,120
36,212,46,117
34,213,47,118
34,216,46,116
31,213,48,118
26,212,52,120
28,214,47,117
28,216,47,116
27,216,47,114
25,214,47,115
26,215,49,112
22,214,52,114
26,213,53,115
24,212,47,116
25,214,44,114
19,210,48,117
22,212,45,114
19,211,46,115
20,209,43,118
18,208,44,119
16,210,45,117
14,207,45,116
12,209,46,115
12,207,44,117
7,207,47,115
11,206,43,119
13,209,42,116
8,208,42,114
11,209,39,114
10,207,40,114
10,207,40,115
10,209,38,115
10,209,38,115
11,209,37,114
9,210,39,114
10,209,39,114
9,210,40,112
9,210,38,113
9,210,39,112
11,210,38,115
10,210,37,116
9,211,40,115
11,208,41,120
11,209,42,121
10,212,44,120
11,214,43,117
11,216,40,114
9,212,41,117
16,217,54,114
12,217,58,113
16,216,48,116
19,217,42,115
21,221,36,111
11,215,47,115
12,214,44,118
9,213,47,119
9,216,45,116
7,216,46,116
6,214,45,118
4,220,44,115
5,216,42,115
2,213,41,117
3,206,42,123
1,213,33,115
6,205,39,127
1,221,31,109
8,214,35,115
-1,219,31,110
2,221,38,109
3,219,38,110
5,218,36,110
6,220,36,106
4,207,41,118
4,206,44,118
4,208,43,117
4,209,39,117
3,206,42,118
3,209,41,115
4,209,40,115
4,209,40,115
4,208,39,114
4,208,39,114
3,207,37,116
3,208,38,115
2,206,38,114
3,207,36,113
1,202,37,120
3,207,35,112
3,206,36,113
3,209,37,109
3,207,35,112
4,206,37,109
5,207,36,108
4,205,36,109
5,204,35,108
4,205,35,107
6,204,35,108
6,203,35,110
4,202,35,110
6,204,36,106
6,204,37,107
6,204,39,109
5,204,40,106
6,203,40,104
6,201,40,103
7,201,39,106
7,201,39,110
7,201,40,108
9,199,39,112
9,198,40,111
10,197,41,113
10,198,44,113
13,199,42,112
13,201,42,108
14,201,42,107
11,200,46,106
17,200,40,109
20,200,37,109
17,197,41,111
17,195,41,113
15,193,44,115
14,192,46,115
14,188,43,123
12,192,47,113
13,190,43,118
12,189,43,118
13,190,41,116
12,190,41,116
11,193,40,111
9,192,40,111
8,193,41,110
8,194,41,109
8,193,39,113
7,194,39,109
7,192,38,109
8,192,38,111
7,191,39,112
8,190,40,113
8,190,40,112
8,193,43,107
8,193,44,108
10,199,48,98
12,192,41,108
12,190,43,112
13,191,42,108
14,191,43,109
19,189,36,110
21,190,37,110
21,191,37,110
19,190,42,108
20,190,40,111
24,190,39,109
26,192,39,109
23,191,46,114
26,192,42,110
29,190,41,113
30,194,42,108
33,196,42,104
36,196,40,101
39,194,37,103
38,195,39,101
40,195,42,104
40,195,45,107
40,196,46,105
44,197,42,103
45,195,43,104
49,196,39,103
49,195,42,107
50,194,43,110
51,194,46,111
53,192,44,114
56,193,42,113
58,193,42,114
60,195,42,111
61,196,43,111
63,193,41,114
65,196,42,113
65,197,43,111
68,197,42,112
69,197,42,111
70,198,43,110
73,198,40,108
76,196,40,111
77,197,40,109
78,196,41,111
78,199,45,108
80,199,44,108
81,196,44,112
84,198,43,112
85,196,43,113
86,196,43,113
87,195,44,119
87,196,46,117
89,197,44,116
90,199,45,115
94,199,42,112
94,200,42,113
94,199,43,115
95,199,42,113
96,200,42,114
97,201,41,113
99,202,40,112
100,202,41,110
101,203,42,110
101,201,42,113
103,202,40,114
101,203,43,114
101,203,44,114
102,199,44,119
103,198,45,121
103,201,45,121
104,199,45,122
105,199,45,121
107,202,44,118
107,200,42,123
107,201,43,121
108,202,41,123
108,202,41,122
109,203,42,121
111,205,38,118
110,203,38,119
111,203,36,121
109,204,39,120
110,206,37,119
109,207,40,117
108,205,41,119
107,204,41,118
108,205,40,120
109,205,38,123
109,204,39,127
108,203,40,128
109,204,38,124
108,206,39,121
108,207,39,120
107,206,40,124
107,204,41,126
106,204,41,128
106,207,40,122
105,205,40,125
103,206,41,123
103,206,40,122
100,204,41,122
98,204,43,124
95,206,46,123
94,206,46,124
92,209,44,117
94,209,39,116
91,208,41,119
90,205,36,122
88,210,37,115
86,209,36,117
84,207,37,119
73,206,48,122
70,208,51,115
70,207,49,116
68,208,50,115
65,208,51,114
61,205,52,118
60,206,51,115
60,204,48,119
57,205,48,119
55,205,49,116
55,204,48,113
55,206,46,109
56,203,41,117
55,202,42,117
55,203,42,113
53,199,43,116
52,198,43,116
50,197,47,119
50,198,47,118
49,200,48,117
50,203,47,111
50,202,46,109
49,199,47,111
50,198,46,113
54,198,40,109
55,199,39,109
55,198,40,109
56,195,39,111
56,197,40,109
57,197,40,107
58,197,40,107
57,197,39,105
58,197,38,102
59,194,39,104
59,194,39,105
55,197,45,104
58,197,44,102
60,197,43,99
59,195,44,101
60,194,44,101
60,193,44,101
65,191,39,107
66,191,38,103
66,188,38,105
66,189,37,102
67,189,37,102
68,189,37,102
71,190,39,101
70,189,39,100
70,186,39,102
71,186,39,100
67,190,44,99
70,188,44,99
70,187,44,99
71,186,44,99
71,185,44,99
71,184,44,98
76,185,39,98
74,183,39,99
74,183,39,97
74,184,38,96
77,184,38,100
75,181,39,102
74,179,39,102
74,179,40,99
73,179,39,97
72,178,40,98
72,180,38,95
72,180,38,95
71,179,39,96
68,181,44,92
71,178,40,94
70,177,40,95
70,177,39,95
70,177,39,94
68,177,39,94
67,177,38,92
67,178,37,90
67,178,37,90
66,177,37,90
66,172,40,93
64,173,40,93
63,172,40,93
62,173,40,93
62,174,40,89
61,171,39,91
61,171,39,89
62,169,37,91
61,168,38,91
59,170,37,89
59,169,38,91
59,169,38,89
58,170,38,88
57,170,38,88
56,165,40,92
58,163,38,92
57,160,38,96
56,161,39,94
56,164,39,91
55,162,39,91
55,163,38,91
54,164,37,89
53,163,39,87
51,159,39,93
51,158,39,92
51,159,38,92
51,163,37,89
49,162,37,89
48,162,36,88
48,162,36,87
44,159,40,86
44,161,41,89
43,160,41,89
44,153,37,92
45,152,36,91
41,153,39,91
39,156,40,93
39,158,39,92
39,156,40,88
32,155,45,86
33,159,44,83
33,160,42,81
32,160,42,81
31,160,42,81
30,160,42,81
28,159,42,81
27,159,42,81
26,159,43,82
24,158,43,82
24,157,43,82
22,156,43,82
20,156,42,81
18,155,44,83
18,157,42,81
16,158,43,82
14,159,42,79
17,153,36,82
13,154,37,84
12,155,36,82
10,153,37,84
9,153,37,84
9,154,36,82
8,153,36,83
7,153,37,84
6,154,36,83
6,154,36,83
4,151,37,85
4,150,37,85
6,151,35,81
6,151,34,82
6,151,35,81
5,152,35,80
6,150,35,81
6,151,35,82
5,153,35,81
6,154,34,80
6,153,35,81
6,153,34,80
6,152,34,80
6,153,34,80
5,153,34,80
6,151,34,82
4,151,35,84
4,151,34,82
4,152,33,70
2,154,32,68
1,156,31,66
-1,157,32,68
2,153,32,75
2,153,30,77
1,152,30,80
1,152,29,82
-1,151,30,84
-2,151,30,85
1,150,28,83
1,150,29,82
1,149,28,85
1,148,30,85
1,151,31,83
1,150,34,82
0,148,35,84
2,150,36,82
2,149,36,81
4,152,36,80
3,152,37,82
5,151,37,82
4,150,39,83
7,150,38,83
8,150,38,83
11,151,34,84
10,149,36,84
15,149,32,84
13,149,34,84
13,149,36,84
13,152,35,82
13,150,36,84
14,152,35,82
16,153,32,80
17,151,32,84
17,153,33,80
16,152,34,82
16,152,34,82
16,152,33,80
16,153,35,79
16,153,35,80
16,152,36,83
17,153,35,81
17,153,35,81
16,151,36,83
16,152,36,82
15,153,39,82
17,152,38,82
19,152,36,81
19,152,35,81
18,152,35,83
19,153,36,81
19,153,36,82
20,153,37,83
20,153,41,80
19,152,45,80
19,156,44,78
20,156,44,78
21,157,43,77
21,156,44,78
22,157,43,77
23,158,43,76
22,157,44,78
25,154,39,83
26,155,39,82
25,154,45,81
25,155,45,79
24,158,45,79
25,159,45,79
25,158,45,79
25,152,46,85
31,153,38,83
30,155,39,86
31,157,38,83
32,157,38,84
33,157,38,84
33,157,39,85
32,155,46,83
33,159,46,82
34,160,45,81
35,160,45,81
40,156,39,85
42,155,35,86
43,158,35,85
44,161,34,83
45,161,34,83
45,160,35,86
47,162,34,83
47,159,38,83
48,158,38,87
49,159,39,84
47,159,43,85
49,161,42,85
49,161,42,86
49,164,45,84
50,165,45,81
52,163,43,86
52,162,44,89
53,161,46,91
54,160,46,91
57,163,39,87
61,163,35,87
61,164,36,89
62,163,34,86
63,163,37,86
64,164,39,85
63,165,40,84
65,166,40,84
64,162,42,90
65,166,42,85
66,167,41,85
68,168,42,87
67,168,43,89
70,167,38,89
72,165,36,91
72,165,37,93
74,168,38,89
74,167,37,94
75,168,37,91
75,169,39,89
75,170,39,89
76,171,37,91
78,171,36,89
78,169,37,92
80,171,36,89
81,173,36,88
82,174,36,88
83,174,37,91
84,175,36,88
82,174,40,94
84,172,40,95
86,175,39,88
86,177,39,88
88,179,39,90
89,177,39,90
88,179,40,87
89,180,41,87
89,179,42,90
89,178,42,93
89,179,44,93
90,181,44,93
92,180,42,92
90,181,47,94
91,177,48,97
92,181,46,95
96,179,47,97
97,178,47,97
98,178,47,97
100,180,43,96
102,180,39,97
104,182,40,94
105,182,40,94
101,182,45,98
104,180,45,99
110,185,39,91
110,184,39,94
111,183,39,94
108,183,45,99
110,181,45,100
111,182,45,99
113,183,46,101
115,183,46,101
117,185,40,101
119,182,40,101
120,185,41,98
120,185,40,98
122,186,39,95
123,189,39,97
124,188,38,96
124,188,39,98
123,185,40,101
125,190,38,94
125,190,39,95
126,190,39,97
126,186,39,98
128,188,38,97
126,189,42,98
127,187,42,98
128,188,42,98
129,189,41,95
132,189,40,102
133,187,38,102
134,186,37,103
134,188,38,103
134,187,39,103
135,188,38,103
134,188,40,104
136,187,37,104
134,188,39,101
135,188,38,103
134,189,38,102
136,188,37,103
134,189,38,101
135,187,37,104
134,188,39,102
133,190,41,100
133,190,40,100
133,190,39,100
133,191,40,101
135,188,36,103
134,186,37,106
133,189,37,104
133,189,37,103
133,189,38,103
134,188,38,102
133,186,39,105
134,188,38,103
135,188,37,104
135,189,36,102
135,190,37,101
133,187,39,104
135,189,37,101
134,188,38,104
134,190,38,101
135,189,37,102
135,190,39,101
134,187,40,103
134,191,43,99
135,190,44,102
136,190,39,102
136,190,41,104
136,188,41,103
137,189,42,102
136,187,42,102
141,188,35,105
144,190,32,99
143,191,33,100
145,192,29,96
151,192,30,98
152,192,30,101
151,195,46,117
151,194,47,113
150,195,49,113
151,197,46,112
148,197,50,112
148,197,50,111
145,193,52,116
144,197,48,112
143,193,49,114
140,191,64,115
133,191,63,114
133,191,64,115
140,197,50,106
138,197,54,104
137,196,52,109
137,196,52,107
136,197,53,107
134,200,55,103
134,201,54,103
132,202,50,101
133,201,47,99
129,199,50,101
129,201,49,99
128,200,49,100
125,199,50,99
125,193,51,100
126,200,47,95
126,199,46,97
126,195,45,94
125,200,44,96
122,201,48,96
120,199,50,97
120,195,47,101
120,193,46,100
120,194,46,97
118,193,47,100
117,190,47,102
119,189,46,99
116,190,46,100
118,189,46,99
117,190,45,98
115,189,46,99
114,189,46,99
113,187,46,101
111,186,46,101
110,186,46,101
110,185,46,101
110,186,46,99
110,188,44,96
109,187,45,98
108,187,45,98
107,185,41,101
108,184,41,101
104,185,44,96
106,185,43,93
104,184,43,98
105,181,43,98
104,181,43,98
103,182,43,97
103,182,43,98
103,185,39,93
103,183,39,94
101,182,39,93
100,181,39,93
100,181,39,93
99,181,39,93
98,182,43,91
96,181,43,91
96,181,43,91
96,181,43,91
95,181,43,91
96,181,42,88
96,180,42,88
94,177,43,91
94,177,42,88
93,176,43,90
93,178,42,89
92,178,43,91
92,178,42,89
90,177,42,88
89,175,43,91
91,175,38,89
90,176,37,86
89,176,37,87
91,174,36,88
87,176,40,86
85,176,39,84
86,178,39,85
85,176,39,84
84,175,39,85
83,173,39,85
78,168,41,92
80,168,40,90
78,167,41,92
77,168,41,92
77,169,40,90
73,168,42,87
74,167,40,86
72,170,40,85
70,168,41,88
71,166,39,86
70,169,38,83
69,163,39,86
68,161,37,89
70,165,38,84
66,169,38,84
65,169,38,83
64,168,38,84
63,166,38,84
64,159,36,90
62,162,36,89
57,158,40,92
58,160,40,93
57,160,40,91
56,160,40,92
58,159,38,89
55,161,38,87
53,160,41,89
50,161,41,90
50,157,38,88
49,159,38,88
47,158,42,85
46,162,41,83
44,159,39,85
46,162,39,84
45,161,39,84
44,161,37,82
43,160,38,83
44,155,37,83
42,160,37,82
41,159,37,84
40,148,39,91
39,154,39,91
39,151,37,89
38,157,36,86
37,154,33,86
39,155,34,84
36,156,34,81
35,154,33,81
35,158,33,80
34,158,33,80
36,157,27,79
32,155,30,82
33,155,28,82
34,156,27,80
33,157,31,80
31,156,32,82
32,156,32,82
32,155,33,85
32,154,33,85
32,155,32,83
33,154,33,86
33,154,34,87
34,155,33,84
35,155,33,85
35,152,35,84
34,154,36,86
35,154,36,87
36,156,35,85
37,152,36,86
38,154,38,83
39,153,36,84
38,154,38,82
39,153,36,84
40,159,38,79
37,161,37,77
40,154,37,85
41,153,35,85
39,154,38,86
41,156,37,83
39,157,38,85
40,157,38,85
40,157,38,86
41,159,39,86
42,161,38,85
42,160,39,87
43,159,39,87
44,159,39,87
45,158,39,88
45,158,39,88
46,159,39,88
47,159,39,88
49,160,38,87
47,161,41,83
47,163,40,81
47,162,41,86
48,161,41,87
53,158,36,89
51,160,39,91
51,159,39,91
53,161,37,90
53,160,38,93
54,163,37,90
55,163,37,91
55,162,38,93
59,164,35,89
58,163,38,89
59,165,37,87
59,164,38,89
59,164,38,88
60,167,41,84
59,167,41,83
64,167,38,86
63,171,39,82
61,171,39,82
64,166,37,89
65,166,37,87
65,165,36,92
64,164,37,95
64,165,37,94
65,165,37,94
66,166,37,95
67,167,37,95
67,168,37,95
68,167,37,96
68,167,38,98
69,166,38,98
70,167,37,96
71,170,40,91
71,171,40,90
73,173,39,89
73,173,39,90
73,174,39,89
74,174,39,89
76,177,39,86
78,172,38,92
77,171,39,95
79,173,38,92
79,171,39,94
80,172,39,94
82,173,40,96
82,176,42,91
83,177,42,90
86,177,42,90
87,177,42,90
93,177,36,92
93,177,37,91
95,180,38,87
95,179,37,85
95,179,41,88
96,180,40,89
96,178,41,91
97,179,41,91
100,182,41,87
103,179,37,93
103,178,37,93
104,179,39,91
105,179,39,93
107,180,40,92
107,178,41,95
108,180,42,94
108,183,47,92
108,181,47,93
112,185,49,91
114,184,48,88
117,184,49,96
116,178,50,98
122,185,42,93
123,181,42,93
125,182,41,91
126,182,42,94
126,190,64,105
124,190,63,106
126,186,61,107
125,189,59,110
125,187,58,110
121,194,61,103
118,188,63,106
115,187,63,107
121,189,50,102
119,187,47,105
115,188,46,102
112,190,51,100
107,189,54,101
106,187,53,101
103,189,53,100
101,190,54,97
146,190,42,96
146,190,42,94
147,185,40,99
104,186,39,97
103,187,38,95
101,187,38,95
100,187,39,97
99,188,38,94
98,186,38,95
96,184,38,95
95,184,37,92
93,184,38,95
86,191,49,92
87,187,49,91
86,186,49,91
87,185,47,88
87,184,47,88
88,185,46,87
92,186,39,94
93,187,38,92
94,191,36,88
93,188,39,90
94,186,43,92
95,187,48,90
92,189,47,86
96,189,41,86
97,186,43,87
98,186,38,90
96,184,39,92
99,188,35,92
97,187,35,91
97,185,30,91
98,184,29,89
98,183,30,92
97,183,30,91
93,184,31,90
92,186,37,88
89,183,37,91
89,180,45,93
87,182,44,93
85,181,44,94
84,181,44,93
84,182,42,94
86,185,38,89
83,187,40,89
80,182,43,94
79,180,43,94
80,189,40,86
80,184,40,85
80,185,39,83
80,187,41,88
79,186,42,91
78,181,43,94
78,181,43,94
77,180,45,97
81,185,41,90
79,185,40,87
80,187,41,90
80,187,42,90
79,183,42,90
78,182,43,93
78,181,44,94
82,184,38,92
82,181,38,92
83,182,40,94
81,182,41,93
82,184,40,92
81,179,39,96
82,178,36,96
82,179,35,94
83,181,35,92
82,180,35,94
81,180,36,93
83,181,35,91
83,181,35,91
84,180,35,95
83,179,35,96
83,179,37,97
83,176,38,100
84,176,34,98
82,176,35,100
83,172,35,105
85,170,34,105
83,160,40,114
85,159,36,117
86,158,35,116
86,159,38,113
83,167,39,115
85,170,39,106
84,169,40,109
79,173,48,101
81,174,46,98
83,170,46,104
86,168,44,106
85,167,45,109
89,170,39,106
92,170,39,102
92,172,38,99
93,172,38,99
94,171,40,106
95,173,40,105
95,170,44,107
96,171,44,106
98,175,43,101
100,173,39,103
99,176,42,100
102,176,41,98
103,176,41,98
104,177,41,98
106,176,46,99
105,173,47,103
106,174,50,102
108,176,49,101
108,174,52,104
110,178,51,100
111,182,53,95
114,183,53,95
114,183,56,96
117,184,54,93
119,184,53,90
119,183,54,93
120,181,55,95
121,181,57,97
125,183,51,93
129,185,49,90
132,184,46,92
132,184,49,90
132,184,50,90
132,185,51,91
134,186,50,89
134,186,49,87
136,186,50,89
139,184,49,94
139,183,49,94
139,182,50,97
145,185,47,95
144,183,47,94
144,183,47,95
146,184,47,93
146,185,47,92
145,185,54,91
145,183,56,91
148,182,57,95
147,182,52,93
147,186,48,90
145,188,52,88
141,188,58,86
139,190,65,82
142,188,59,84
143,186,56,88
139,187,57,89
139,187,56,88
139,187,56,88
140,188,55,86
140,189,55,86
140,188,55,86
140,189,55,86
143,186,46,91
145,187,45,89
145,187,45,88
145,188,45,88
145,188,44,87
146,188,45,88
143,185,47,92
145,186,47,93
144,186,46,94
144,187,48,93
148,188,48,92
145,186,48,93
148,186,49,95
149,185,50,97
150,186,49,96
150,185,50,97
151,186,50,97
151,186,50,97
151,185,50,97
151,186,50,97
150,190,54,90
148,193,59,89
147,192,61,88
146,191,58,91
148,192,58,88
144,191,62,90
145,190,62,90
156,190,52,90
151,190,51,89
151,189,53,92
146,188,57,100
149,187,54,101
153,185,53,100
136,187,68,97
136,186,69,98
139,186,66,98
157,187,48,102
141,189,68,96
138,188,70,97
139,190,68,99
140,189,66,98
145,190,58,99
149,190,54,101
153,188,54,101
152,188,54,101
160,195,41,96
155,195,51,94
150,197,57,91
148,193,58,93
148,194,58,92
143,194,61,95
145,192,62,97
145,192,62,97
144,192,62,97
144,195,61,96
146,197,60,93
145,195,60,93
147,194,59,96
146,196,60,97
143,195,62,96
143,194,61,97
144,192,61,97
144,192,61,97
144,193,61,97
148,196,58,94
146,196,61,94
144,193,62,95
145,195,60,93
145,196,58,90
144,194,60,93
145,195,59,92
146,196,58,90
146,196,58,90
153,195,42,97
153,191,43,100
154,192,42,97
153,193,42,97
152,193,42,96
150,193,43,99
148,192,43,100
147,192,43,100
145,194,43,99
144,196,46,97
142,198,48,95
143,200,41,89
140,199,45,92
138,200,43,92
134,199,43,92
134,199,43,92
132,199,42,90
131,199,43,91
129,199,43,92
128,201,42,90
126,198,45,104
123,194,46,106
122,193,46,106
120,201,49,98
118,198,48,96
118,201,47,100
116,199,48,103
115,197,47,105
111,198,50,105
110,193,51,107
109,199,51,104
105,200,54,103
104,201,54,101
99,195,56,104
96,194,57,106
95,197,56,104
100,205,46,99
98,203,45,96
97,204,45,96
95,205,44,94
99,208,38,96
95,206,41,100
97,208,36,101
94,208,37,100
90,203,38,102
87,202,38,103
86,202,38,103
84,205,39,106
81,202,39,106
81,204,41,104
74,202,46,108
60,187,57,123
70,202,46,107
72,205,43,104
71,201,39,110
71,201,37,111
70,201,36,111
64,177,43,135
67,198,37,117
65,200,38,117
64,196,36,121
61,203,36,112
59,201,36,114
55,205,36,109
57,205,34,111
57,205,35,111
51,170,38,149
50,176,40,143
42,175,47,145
43,172,47,150
42,170,45,152
42,178,43,139
42,173,43,147
42,202,38,117
43,208,34,110
40,210,34,110
39,210,35,112
39,212,37,111
38,215,36,109
37,207,43,117
35,209,43,117
37,211,40,116
36,209,41,120
38,209,42,122
39,211,41,120
41,212,41,118
42,214,40,116
44,214,41,120
46,219,35,112
49,219,35,111
51,219,35,112
52,215,37,114
51,215,38,117
54,216,39,119
56,217,37,115
59,220,37,114
61,221,37,113
64,221,37,114
64,217,42,118
66,218,43,122
69,218,43,122
73,219,43,122
75,220,43,122
77,222,43,120
80,223,42,119
83,224,44,123
87,226,37,115
90,226,37,116
92,226,37,116
94,223,44,122
96,225,46,119
98,230,45,116
101,230,45,116
102,228,45,118
108,233,42,116
111,232,40,118
116,234,36,117
117,235,36,118
121,235,36,118
123,236,36,117
126,238,36,117
126,243,39,115
130,243,40,113
131,241,39,113
135,242,40,114
135,241,43,117
136,242,47,118
142,242,43,119
142,243,44,120
144,241,45,124
149,244,40,119
151,242,41,123
157,246,37,120
159,247,38,118
161,248,38,117
164,250,37,116
168,253,38,117
171,254,38,117
173,248,42,126
174,249,42,126
178,248,46,129
177,221,51,154
183,242,50,135
185,245,50,133
186,245,50,134
188,248,51,137
190,247,53,141
192,244,54,144
198,251,45,131
197,250,47,134
201,254,44,131
204,255,48,128
207,256,46,129
208,257,49,131
210,257,49,132
213,253,51,135
216,254,53,139
221,256,49,134
223,256,50,136
223,254,55,138
227,257,56,136
231,260,57,139
232,258,56,135
236,260,54,134
244,259,49,135
247,263,46,131
250,264,45,130
255,265,47,129
256,264,47,132
256,263,55,138
257,262,54,138
260,263,56,137
261,263,56,139
266,265,57,142
269,264,51,142
272,268,50,136
273,268,51,137
278,270,45,136
280,274,46,137
281,277,47,135
285,274,47,134
284,276,46,137
289,274,45,134
288,274,48,138
290,273,50,139
292,273,53,139
295,273,53,138
297,274,51,138
298,269,53,141
298,270,54,142
301,267,56,146
301,267,56,146
301,268,55,145
301,267,55,143
301,266,56,146
301,267,54,142
301,268,54,142
300,266,55,143
303,268,49,140
302,268,48,136
301,267,47,135
299,266,48,137
296,263,49,140
294,265,49,135
295,265,49,134
293,265,49,134
293,265,48,132
291,262,49,135
291,262,48,131
290,259,48,130
290,260,47,128
288,262,46,124
287,263,45,123
282,259,51,129
281,260,50,126
278,259,50,126
276,257,50,128
275,258,48,123
273,256,48,124
270,256,48,123
267,254,49,125
265,254,49,125
264,255,48,123
262,250,47,129
258,249,47,129
259,249,46,123
255,249,46,123
255,248,45,126
247,245,51,127
247,248,50,123
247,249,50,121
241,245,51,123
241,244,49,123
236,243,50,125
236,242,46,125
232,239,48,127
231,241,48,125
228,240,48,125
225,243,49,121
219,240,54,124
218,237,53,125
218,237,50,122
216,238,49,121
214,240,49,121
208,238,54,122
206,236,53,120
203,232,54,122
205,231,52,127
200,234,55,123
200,231,52,124
198,232,52,122
198,233,50,122
194,231,51,123
194,230,50,125
193,229,50,124
193,230,51,121
197,236,43,114
194,233,45,116
192,230,44,114
191,229,44,114
191,229,44,117
189,234,44,115
189,229,43,112
184,231,47,116
185,228,46,114
183,227,44,116
181,227,44,114
183,227,41,114
177,223,42,116
172,225,46,121
146,218,66,130
147,214,67,136
147,211,67,140
159,219,54,132
161,222,51,129
164,219,50,134
171,231,47,120
167,217,52,133
162,220,59,128
160,220,48,122
156,214,48,121
154,215,47,118
153,214,47,118
150,220,49,106
150,220,47,104
149,217,43,106
146,214,42,110
146,215,41,107
142,215,40,108
140,213,42,109
138,213,42,108
138,215,41,108
132,213,42,105
131,211,42,105
130,212,40,106
128,213,42,105
123,212,45,102
119,214,48,101
117,211,48,101
115,213,48,100
112,210,46,101
110,207,41,107
106,208,42,103
105,207,42,103
102,208,42,104
101,208,42,106
96,206,43,104
94,207,44,103
92,204,42,103
90,204,40,103
90,205,39,100
88,205,38,97
83,204,44,103
79,204,46,101
78,203,46,101
75,202,48,104
71,200,51,103
72,202,49,100
74,203,44,100
71,199,47,102
68,201,47,99
66,202,47,98
65,203,49,98
61,196,49,102
58,195,49,102
55,193,49,102
51,194,47,101
50,195,47,101
48,196,46,98
44,162,46,130
44,159,44,132
43,188,41,105
43,184,40,107
42,184,41,108
39,185,40,107
39,186,39,105
35,183,44,110
33,187,44,110
31,183,45,104
33,184,39,105
31,187,38,103
24,185,44,103
22,190,43,96
21,189,41,98
18,191,44,97
18,192,41,94
15,190,41,97
13,190,39,96
11,189,40,97
9,188,39,97
8,190,39,95
6,188,40,98
6,189,38,94
6,190,36,94
5,187,36,94
5,187,35,94
5,189,34,94
2,187,36,94
2,187,36,94
1,185,35,96
3,187,32,92
2,184,30,95
1,183,28,96
2,182,28,95
2,183,30,92
2,182,31,94
2,182,33,95
2,184,32,92
3,181,31,95
3,180,31,95
3,179,30,93
6,179,32,93
8,180,30,93
7,179,34,96
7,178,35,96
9,179,33,94
9,176,34,97
10,176,34,96
12,176,32,95
16,174,29,97
19,177,28,94
16,176,32,97
16,177,37,96
18,177,37,95
20,177,37,97
23,178,34,94
26,178,34,95
31,180,30,88
32,179,32,92
32,178,33,93
32,181,40,90
33,183,40,88
34,183,40,88
37,183,40,87
36,179,44,95
39,178,45,97
42,179,44,95
44,178,44,96
46,180,44,94
48,181,44,95
55,181,33,98
58,180,32,96
57,180,35,96
61,184,33,93
61,181,33,94
66,183,30,92
64,182,30,93
66,181,31,95
68,181,34,94
70,185,35,91
71,184,35,94
70,183,36,96
76,186,31,91
77,186,32,93
79,185,30,92
81,186,30,92
81,186,30,91
58,203,50,119
72,208,36,112
124,196,37,115
122,196,37,117
118,195,37,117
114,212,45,91
110,210,44,93
108,207,40,101
106,205,38,104
96,201,41,112
93,209,43,105
94,205,40,110
78,200,37,109
79,199,38,112
81,198,39,116
77,202,47,109
73,198,48,112
76,197,45,115
97,196,46,118
101,196,46,118
112,209,33,106
116,212,31,102
94,203,39,108
93,194,37,115
94,197,37,115
95,196,30,106
93,191,29,103
92,196,27,94
92,197,26,98
91,196,29,98
91,196,34,102
91,196,33,102
90,198,30,94
94,197,29,91
90,198,35,100
90,196,34,98
90,198,34,96
90,199,36,98
87,196,36,98
89,198,35,98
87,196,35,99
86,197,35,98
86,197,35,99
86,198,35,98
87,205,34,95
87,201,34,96
87,201,34,96
87,204,32,94
89,202,32,94
89,201,33,96
88,202,33,96
89,203,33,97
89,205,32,94
89,206,32,95
89,206,32,95
89,207,32,93
89,206,33,96
90,206,33,97
91,207,32,95
92,208,33,97
90,207,39,103
90,206,41,105
92,208,40,102
94,208,39,104
95,206,40,107
96,207,41,104
97,207,41,103
100,209,40,102
103,209,38,105
102,209,40,109
106,208,38,109
106,207,39,112
108,207,40,113
112,212,38,104
113,212,38,104
115,212,39,106
116,213,45,106
117,215,44,103
119,215,45,105
123,215,45,106
124,215,45,105
131,216,40,108
131,214,40,108
133,215,40,108
136,217,40,107
137,217,40,108
141,222,40,108
142,220,40,107
144,222,42,105
147,220,43,107
145,218,44,109
149,220,45,111
150,220,44,109
153,219,45,112
155,220,46,113
157,219,46,114
159,219,46,114
161,219,47,116
164,220,46,113
165,220,46,114
167,221,47,116
172,226,43,117
174,223,43,117
175,223,43,117
176,222,43,118
178,223,43,117
183,229,43,112
185,229,44,114
184,227,45,116
188,228,44,116
188,228,44,116
189,228,44,117
192,229,42,116
192,228,42,116
192,229,42,115
194,234,42,114
194,235,42,115
192,233,42,116
194,237,43,113
194,236,42,115
194,237,42,115
194,235,40,116
192,236,42,114
191,235,39,113
188,237,39,113
190,237,38,119
187,233,39,123
186,235,40,117
186,236,38,116
185,237,38,118
184,235,38,119
181,235,40,118
178,234,41,117
173,234,45,118
169,231,49,124
166,235,51,116
164,237,51,114
162,238,47,112
160,239,46,110
157,237,47,114
157,235,41,118
152,235,39,117
148,230,40,121
143,232,43,116
137,227,47,121
128,226,54,119
127,231,54,113
124,233,54,111
122,233,52,112
118,233,48,112
113,232,44,112
109,233,44,111
103,229,45,114
98,230,45,115
94,227,46,115
93,230,43,112
83,226,45,113
76,226,47,109
72,224,50,110
59,221,62,111
57,224,61,107
56,223,60,109
57,226,51,104
50,225,49,103
41,222,51,108
33,226,50,106
