524,66,16,36
524,66,16,36
524,66,16,36
523,66,16,36
523,66,16,36
524,66,16,36
519,67,16,35
524,66,16,36
524,66,16,36
525,67,16,36
524,66,16,36
523,65,16,37
524,67,16,36
524,66,16,36
524,67,16,36
524,66,16,36
524,66,16,36
524,66,16,35
524,66,16,36
524,67,16,36
524,66,16,35
524,66,16,36
524,66,16,36
523,65,16,37
524,67,16,36
524,66,16,36
524,66,16,36
524,66,16,36
525,67,16,36
524,66,16,36
524,66,16,36
524,66,16,36
524,66,16,36
524,66,16,36
524,67,16,36
524,66,16,36
524,65,16,37
524,66,16,36
524,66,16,36
524,66,16,37
524,66,16,37
524,67,16,36
524,66,16,36
524,66,16,36
524,67,16,36
524,66,16,36
524,66,16,36
524,67,16,36
524,66,16,36
524,66,16,36
524,67,16,36
524,66,16,37
524,66,16,36
524,66,16,37
524,66,16,36
524,66,16,37
524,66,16,37
524,66,16,36
524,66,16,36
524,66,16,36
524,66,16,36
524,66,16,37
524,67,16,36
524,66,16,36
524,66,16,36
524,66,16,36
524,67,16,36
524,66,16,36
524,66,16,37
524,66,16,36
524,66,16,36
524,66,16,36
524,66,16,36
524,66,16,37
524,66,16,36
524,66,16,37
524,67,16,36
524,66,16,37
524,66,16,37
524,66,16,36
524,66,16,36
524,66,16,36
524,66,16,36
524,66,16,37
524,66,16,36
524,66,16,37
524,66,16,36
524,66,16,36
524,66,16,36
524,67,16,36
524,66,16,36
524,66,16,36
524,66,16,36
524,66,16,36
524,66,16,37
524,67,16,36
524,67,16,36
524,66,16,36
524,67,16,36
524,66,16,36
524,66,16,36
524,66,16,37
524,66,16,36
524,66,16,36
524,66,16,36
524,66,16,36
524,66,16,37
524,67,16,36
524,66,16,36
524,66,16,36
524,66,16,36
524,66,16,36
524,66,16,36
524,66,16,36
524,66,16,36
524,66,16,36
524,66,16,36
524,66,16,36
524,66,16,37
524,67,16,36
524,65,16,37
524,65,16,37
524,66,16,36
524,66,16,36
524,66,16,37
524,66,16,37
524,66,16,37
524,66,16,36
524,66,16,36
524,66,16,36
524,66,16,37
524,66,16,36
524,66,16,36
524,66,16,36
524,66,16,37
524,66,16,36
524,66,16,37
524,66,16,36
524,66,16,36
524,66,16,36
524,66,16,37
524,66,16,37
524,66,16,36
524,66,16,36
524,66,16,36
524,66,16,37
524,66,16,37
524,66,16,36
524,66,16,36
524,66,16,36
524,66,16,37
524,66,16,36
524,67,16,36
524,66,16,37
524,66,16,36
524,66,16,36
524,65,16,37
524,67,16,36
524,66,16,37
524,66,16,36
524,65,16,37
524,65,16,36
524,66,16,36
524,66,16,36
524,66,16,37
524,67,16,36
524,66,16,36
524,65,16,36
524,65,16,36
524,66,16,36
524,67,16,36
524,66,16,37
524,66,16,37
524,66,16,36
524,66,16,36
524,66,16,36
524,67,16,36
524,66,16,37
524,66,16,36
524,66,16,36
524,66,16,36
524,66,16,36
524,66,16,36
524,67,16,36
524,66,16,36
524,66,16,36
524,66,16,36
524,66,16,36
524,67,16,36
524,66,16,36
524,66,16,36
524,66,16,36
524,65,16,36
524,66,16,36
524,67,16,36
524,66,16,36
524,66,16,36
524,66,16,36
524,65,16,37
524,66,16,36
524,66,16,36
524,67,16,36
524,66,16,36
524,66,16,36
524,66,16,36
524,66,16,36
524,66,16,37
524,66,16,37
524,66,16,36
524,65,16,37
524,66,16,36
524,66,16,36
524,67,16,36
524,66,16,36
524,66,16,36
524,65,16,37
524,66,16,36
524,66,16,36
524,66,16,37
524,66,16,36
524,66,16,36
524,65,16,36
524,67,16,36
524,66,16,36
524,66,16,37
524,66,16,37
524,66,16,36
524,66,16,36
524,66,16,36
524,66,16,36
524,67,16,36
524,66,16,36
524,66,16,36
524,65,16,37
525,67,16,36
524,66,16,37
524,66,16,37
524,66,16,36
524,65,16,36
524,66,16,36
524,66,16,37
524,66,16,36
524,66,16,36
524,66,16,36
524,65,16,36
524,65,16,36
524,66,16,36
524,67,16,36
524,66,16,36
524,66,16,36
524,66,16,36
524,66,16,36
524,66,16,36
524,67,16,36
525,67,16,36
524,66,16,36
524,65,16,37
524,66,16,36
524,66,16,36
524,67,16,36
524,66,16,37
524,66,16,36
524,65,16,37
524,66,16,36
524,66,16,37
524,66,16,36
524,66,16,36
524,65,16,37
524,66,16,36
524,66,16,37
524,67,16,36
524,66,16,37
524,66,16,36
524,66,16,36
524,66,16,36
524,66,16,36
524,66,16,37
524,66,16,37
524,66,16,36
524,65,16,37
524,65,16,37
524,66,16,36
525,67,16,36
524,66,16,37
524,66,16,36
524,66,16,37
524,66,16,36
524,66,16,36
524,66,16,37
524,66,16,36
524,66,16,36
524,66,16,37
524,66,16,37
524,66,16,36
525,67,16,36
524,66,16,37
524,66,16,37
524,66,16,36
524,66,16,37
524,66,16,37
524,66,16,36
524,66,16,36
524,66,16,37
524,66,16,36
524,66,16,36
525,67,16,36
524,66,16,37
524,66,16,36
524,66,16,37
524,66,16,36
524,66,16,36
524,66,16,36
524,66,16,36
524,66,16,37
524,66,16,36
524,66,16,37
524,66,16,36
524,66,16,36
524,66,16,36
524,66,16,36
524,66,16,37
524,66,16,36
524,66,16,36
524,66,16,37
524,66,16,36
524,66,16,37
524,67,16,36
524,66,16,37
524,66,16,36
524,66,16,36
524,65,16,37
524,66,16,37
524,66,16,36
524,66,16,36
524,66,16,36
524,66,16,36
524,66,16,36
524,67,16,36
524,65,16,37
524,66,16,37
524,66,16,36
524,66,16,36
524,66,16,37
524,66,16,36
524,66,16,36
524,66,16,37
524,66,16,37
524,67,16,36
524,66,16,37
524,66,16,36
524,66,16,37
524,66,16,36
524,66,16,37
524,66,16,36
524,67,16,36
524,66,16,36
524,65,16,37
524,66,16,36
524,66,16,37
524,66,16,36
524,66,16,36
524,66,16,36
524,66,16,36
524,66,16,36
524,66,16,36
524,67,16,36
524,66,16,37
524,66,16,37
524,67,16,36
524,66,16,36
524,66,16,36
524,66,16,36
524,66,16,36
524,66,16,37
524,66,16,36
524,67,16,36
524,66,16,37
524,66,16,36
524,66,16,36
524,67,16,36
524,66,16,36
524,66,16,36
524,67,16,36
523,65,16,37
524,66,16,36
524,66,16,36
524,66,16,37
524,66,16,36
524,66,16,37
524,66,16,36
524,66,16,36
524,66,16,36
524,66,16,37
524,66,16,36
524,66,16,36
524,66,16,36
524,66,16,36
524,66,16,37
524,66,16,36
524,66,16,37
524,66,16,36
524,66,16,37
524,66,16,36
524,66,16,36
524,66,16,36
524,66,16,36
524,66,16,37
524,66,16,36
524,66,16,36
524,66,16,36
524,66,16,37
524,67,16,36
524,66,16,37
524,66,16,36
524,66,16,36
524,66,16,36
524,66,16,37
524,66,16,37
524,66,16,36
524,66,16,36
524,66,16,36
524,66,16,37
524,66,16,36
524,66,16,36
524,66,16,36
524,66,16,36
524,66,16,36
524,65,16,37
524,66,16,36
524,67,16,36
524,66,16,37
524,66,16,36
524,66,16,36
524,66,16,36
524,66,16,37
524,66,16,36
524,66,16,36
524,66,16,36
524,65,16,37
524,66,16,36
524,66,16,36
524,67,16,36
524,66,16,36
524,66,16,36
524,66,16,36
524,66,16,36
524,66,16,36
524,66,16,37
524,66,16,37
524,66,16,36
524,66,16,36
524,66,16,36
524,66,16,36
524,66,16,36
524,66,16,36
524,66,16,36
524,66,16,36
524,66,16,37
524,66,16,37
524,67,16,36
524,66,16,36
524,66,16,36
524,66,16,36
524,67,16,36
524,66,16,37
524,66,16,36
524,66,16,36
524,66,16,36
524,66,16,36
524,66,16,36
524,66,16,36
524,66,16,36
524,66,16,36
524,66,16,37
524,66,16,37
524,66,16,36
524,67,16,36
524,66,16,36
524,66,16,36
524,66,16,37
524,66,16,36
524,66,16,37
524,66,16,36
524,66,16,36
524,66,16,37
524,67,16,36
524,66,16,37
524,66,16,36
524,66,16,36
524,65,16,37
524,66,16,37
524,66,16,36
524,66,16,36
524,66,16,36
524,66,16,36
524,66,16,36
524,66,16,37
524,66,16,36
