220,235,15,45
220,235,15,45
220,235,15,45
220,235,15,45
219,235,15,46
219,235,15,46
219,235,15,45
219,235,15,45
219,235,15,45
219,235,15,45
219,235,15,44
219,235,15,45
219,235,15,44
220,235,15,45
220,235,15,45
220,235,15,46
220,235,15,46
220,235,15,45
220,236,15,44
220,235,15,45
220,236,15,44
219,236,15,45
218,236,15,46
219,236,15,45
217,236,15,44
217,236,15,44
216,237,15,44
216,237,15,44
215,238,15,44
214,239,14,43
214,240,14,42
213,240,14,43
212,240,15,44
212,240,15,45
211,239,15,46
211,239,15,45
211,239,15,45
211,240,15,44
211,240,15,44
212,241,14,43
211,241,15,44
211,240,15,45
211,240,15,46
210,241,15,45
210,241,15,45
209,241,15,45
209,241,15,46
209,240,16,47
210,240,15,46
210,239,16,47
211,240,15,46
211,240,16,47
212,240,16,47
212,240,15,46
212,241,15,45
212,242,15,46
212,242,15,46
211,241,16,47
211,241,16,47
211,241,16,47
211,241,16,47
212,241,16,47
212,242,16,47
213,242,16,47
213,242,16,48
214,241,16,49
214,241,16,49
215,242,16,48
216,243,16,48
216,243,16,48
217,242,16,49
218,242,16,48
222,243,16,47
223,243,16,48
223,243,16,48
224,243,16,49
224,244,16,49
224,244,16,48
224,243,16,49
225,243,16,49
225,243,16,49
225,244,16,49
225,244,16,49
226,244,17,50
226,245,17,50
226,244,16,49
226,245,16,49
226,245,17,50
226,245,17,51
226,245,17,50
225,245,17,50
225,245,17,50
225,245,17,50
225,246,16,49
225,246,17,50
225,246,17,50
225,246,17,50
224,244,17,51
225,245,17,50
225,245,17,50
225,245,17,50
225,245,17,50
225,246,16,49
226,246,16,49
226,246,16,49
226,246,16,49
226,246,16,49
227,246,16,49
227,246,17,50
227,246,17,50
227,245,17,50
227,245,17,50
228,246,17,50
229,246,17,50
229,246,17,50
229,247,17,50
229,246,17,51
229,247,17,50
230,247,17,50
230,247,17,51
230,247,17,51
230,247,17,51
230,247,17,51
230,246,17,51
230,246,17,51
230,246,17,51
231,246,17,50
231,246,17,51
231,246,17,51
231,247,17,50
232,247,16,49
232,247,16,49
233,247,16,49
233,248,16,49
233,247,17,51
233,247,16,49
233,247,17,50
233,247,17,51
233,248,17,50
233,247,17,51
233,248,17,50
233,248,16,49
233,249,16,49
233,248,17,50
233,249,17,50
233,249,16,49
233,249,17,50
233,248,17,51
233,248,17,51
233,248,17,51
233,248,17,51
233,248,17,51
234,248,17,50
234,248,17,51
234,249,17,50
235,249,17,50
235,249,17,50
235,249,17,50
236,249,17,51
236,249,17,50
236,249,17,50
237,249,17,51
237,248,17,51
237,249,17,51
237,248,17,52
238,248,17,52
238,249,17,52
238,249,17,52
239,249,17,51
239,250,17,51
239,250,17,51
239,250,17,52
239,250,17,52
239,250,17,52
240,249,17,52
240,249,17,52
240,249,17,52
241,249,17,52
241,249,17,52
242,249,18,54
243,249,17,52
243,250,17,51
243,250,17,52
244,250,17,52
245,250,17,51
245,250,17,52
246,249,18,53
246,249,18,53
247,250,17,52
248,249,18,53
248,249,18,53
248,250,18,53
250,251,17,52
250,251,17,52
250,251,17,52
251,252,17,52
251,252,17,52
251,252,17,52
252,252,17,52
252,252,17,52
252,251,18,54
253,251,18,54
253,251,18,53
254,251,18,54
254,252,17,52
255,252,17,52
255,252,17,52
256,252,17,52
256,253,17,51
256,252,17,52
257,252,17,51
257,252,17,52
258,252,17,52
259,253,17,52
259,253,17,52
259,253,17,52
260,253,17,52
259,253,18,53
260,254,17,52
260,254,17,52
260,254,17,52
260,255,17,52
261,256,17,51
261,255,17,52
261,254,18,54
261,254,18,54
261,254,18,54
261,254,18,54
262,254,18,54
262,254,18,54
263,254,17,52
262,254,18,54
263,255,17,52
263,255,18,54
264,255,18,53
264,255,17,52
264,255,18,53
265,255,18,53
266,255,18,54
266,255,18,54
266,254,18,55
266,254,18,55
266,254,18,55
266,254,18,55
267,255,18,53
268,256,18,54
268,256,18,54
268,256,18,54
268,256,18,54
268,256,18,55
268,256,18,54
268,255,18,55
269,255,18,55
269,255,18,55
269,255,18,53
270,255,18,54
271,255,18,54
271,256,18,54
271,256,18,53
271,256,18,53
272,256,18,53
273,257,17,52
273,257,18,54
274,257,17,52
274,257,18,54
274,256,18,53
275,256,18,55
275,255,19,57
276,256,18,55
276,257,18,54
276,256,18,55
276,257,18,55
276,257,18,55
276,257,18,55
277,257,18,54
277,258,18,53
277,257,18,55
278,258,18,54
278,258,18,55
278,257,19,57
278,257,19,57
278,257,18,55
279,257,18,55
278,256,19,57
279,257,19,57
280,257,18,55
280,257,18,55
280,257,19,57
280,257,19,57
281,258,18,55
281,257,19,57
282,258,19,57
283,259,18,55
283,258,18,55
283,258,18,55
282,258,19,57
283,258,19,56
284,259,18,55
284,259,18,55
284,259,18,55
284,259,18,55
283,258,19,57
283,259,19,57
283,260,18,55
282,259,19,57
283,260,18,55
282,259,19,57
283,259,18,55
282,259,18,55
282,259,19,57
281,259,19,57
281,259,19,57
281,259,19,57
281,259,19,57
281,259,19,57
282,259,19,57
282,259,19,57
282,259,19,57
282,260,18,55
281,259,19,57
280,259,19,58
279,260,19,58
278,259,19,58
278,260,19,57
277,259,19,58
276,261,19,57
276,261,19,57
275,260,19,58
276,262,19,58
277,261,19,58
277,262,19,57
277,262,19,58
277,261,19,58
278,261,20,59
278,261,20,59
279,261,19,58
279,261,19,58
279,261,19,58
279,261,20,59
280,263,19,58
280,263,19,58
279,262,20,59
280,263,19,58
280,262,20,59
281,262,20,59
282,262,20,59
282,262,19,58
283,262,19,58
283,263,20,59
284,263,20,59
285,264,19,58
285,263,20,59
285,264,19,58
285,265,19,58
285,265,19,58
285,266,19,58
285,266,19,57
284,266,19,58
284,266,19,58
284,266,19,58
283,265,20,59
283,265,20,59
283,265,20,60
283,265,20,59
284,266,19,58
283,266,19,58
285,267,19,57
284,267,19,56
285,267,19,58
284,266,20,59
284,266,20,59
285,267,20,59
284,267,19,58
284,268,20,59
284,269,19,58
284,269,19,58
283,269,20,59
283,268,20,61
283,268,20,61
283,268,20,59
283,268,20,61
283,268,20,59
283,269,19,58
283,269,19,57
284,269,19,57
284,269,19,57
283,269,19,58
283,269,20,59
283,268,20,61
283,270,20,59
280,271,20,61
279,271,20,60
278,271,21,62
278,271,21,62
278,271,21,62
278,271,20,61
278,272,20,59
278,272,20,60
278,272,20,60
278,272,20,61
278,272,21,62
279,272,21,62
279,272,20,61
279,272,21,62
279,273,21,62
278,274,21,62
278,274,21,62
276,273,21,63
276,273,21,64
276,273,22,65
276,273,21,63
277,275,20,61
277,275,21,62
277,274,21,64
277,274,21,64
277,274,21,64
277,274,21,64
277,275,21,62
277,276,21,62
276,277,21,62
276,277,21,64
275,277,22,65
275,277,22,65
275,276,22,65
274,276,22,66
274,276,21,64
274,277,21,64
274,277,21,64
274,277,21,63
274,278,21,64
274,278,21,64
274,278,22,65
274,278,22,65
275,278,21,64
275,279,21,64
275,280,21,62
274,280,21,64
273,280,21,64
273,280,22,66
273,279,22,66
274,280,21,64
274,281,21,64
275,282,21,64
277,282,22,65
277,283,22,67
278,284,22,67
278,283,22,67
278,283,23,68
279,283,23,68
279,283,23,68
281,284,22,66
281,284,22,66
282,285,22,65
283,285,22,67
283,287,23,69
283,287,23,69
284,287,23,68
284,288,23,68
285,288,23,68
286,287,23,70
287,287,23,70
288,287,23,69
289,288,23,69
289,288,23,70
289,288,23,70
290,289,23,70
290,290,23,70
289,289,24,71
290,290,23,70
290,289,23,70
290,289,24,71
291,290,23,70
291,289,24,71
292,290,23,70
294,291,23,69
295,290,24,71
296,290,24,71
297,290,24,72
299,290,23,70
300,291,23,70
302,293,23,68
302,293,23,69
304,293,24,71
307,293,24,72
307,293,24,73
309,294,24,73
312,294,24,72
313,295,23,70
314,294,24,72
315,294,24,73
316,294,24,73
317,296,24,73
318,297,23,70
320,298,23,70
320,297,24,71
323,297,24,73
326,298,24,73
328,299,24,73
330,299,25,75
331,299,25,75
332,299,25,74
333,299,25,74
333,300,25,74
334,301,25,75
335,302,25,75
335,302,25,75
336,301,26,77
337,301,26,78
338,301,26,77
339,301,26,79
340,302,26,77
341,303,26,77
343,303,26,78
344,303,25,76
345,303,26,77
346,302,26,78
346,302,26,79
347,302,26,79
347,303,26,79
349,305,26,77
349,305,26,79
350,306,26,77
349,306,26,79
350,306,26,79
351,306,26,77
352,305,26,79
352,306,26,78
353,306,27,80
353,306,28,83
355,307,27,80
356,308,26,79
358,308,26,79
361,307,27,80
362,307,26,79
363,307,27,80
363,308,27,82
364,308,27,82
365,309,27,81
366,311,26,79
367,312,25,76
374,312,26,77
376,314,25,75
379,314,26,77
382,313,26,79
384,312,27,82
386,313,28,83
387,313,28,83
389,314,27,81
389,314,28,83
390,314,27,82
391,313,28,83
394,312,29,86
397,312,28,83
397,311,29,86
399,313,28,83
400,313,28,83
402,314,28,83
405,317,27,80
406,317,27,82
407,318,26,79
409,318,26,79
410,318,26,79
411,318,27,82
412,318,28,83
413,319,27,82
414,321,28,83
414,321,28,84
416,321,28,85
417,319,29,88
419,320,29,86
419,319,29,87
420,320,29,86
422,320,28,83
424,322,28,83
428,322,27,82
431,322,27,81
431,321,28,83
431,321,29,86
432,320,29,86
432,320,29,88
434,321,28,85
434,321,29,87
435,322,29,86
436,323,28,83
436,323,29,86
436,322,30,89
437,322,30,90
438,322,30,89
440,323,29,86
441,323,28,85
442,323,29,87
444,325,28,85
446,324,29,88
447,324,29,88
449,324,29,86
450,324,29,87
451,325,29,86
452,325,29,86
452,325,29,87
453,324,30,89
457,329,30,89
459,329,30,91
460,328,30,91
462,328,30,91
463,328,30,91
464,328,30,91
466,330,30,89
467,330,30,90
468,330,30,89
471,330,30,90
471,331,30,91
472,330,31,94
472,329,32,97
474,330,32,95
476,332,31,94
478,334,30,91
479,334,31,93
480,333,32,95
481,332,32,97
483,333,31,94
486,334,30,91
487,334,30,90
491,336,30,90
492,336,31,92
492,335,32,95
494,336,31,94
494,336,32,96
496,335,33,99
498,335,33,100
498,336,34,103
501,337,34,101
503,339,33,99
504,339,34,102
506,340,33,99
507,341,32,97
508,340,33,99
509,340,34,102
512,340,34,102
512,340,34,101
513,341,35,104
515,342,34,102
519,343,34,102
523,343,34,102
527,342,34,102
529,342,33,100
529,342,34,101
532,343,33,100
535,346,33,99
535,346,33,100
535,346,34,101
537,346,35,104
538,346,34,102
541,347,34,102
543,345,34,103
544,346,34,102
545,346,34,102
549,347,34,102
550,347,34,103
553,347,35,106
555,347,35,105
557,348,34,102
560,348,35,105
562,347,34,102
564,348,33,100
567,350,32,97
566,350,33,100
569,351,33,100
570,352,34,102
572,353,35,105
573,352,35,105
574,352,36,108
577,351,36,108
