214,322,49,141
215,321,49,142
215,321,49,141
213,320,50,145
213,322,49,141
213,322,49,140
213,323,48,138
213,322,49,141
212,321,50,145
212,322,49,141
213,322,49,142
213,322,49,142
212,322,49,142
212,323,48,138
212,322,49,142
213,323,48,138
213,322,49,142
213,322,49,142
213,321,50,144
213,321,50,145
214,321,50,144
214,321,49,142
214,323,48,138
214,324,47,134
215,325,46,132
215,325,46,132
215,323,47,135
215,325,46,132
214,324,46,133
214,325,46,132
214,325,45,130
214,324,46,132
214,325,46,132
214,325,46,132
213,325,46,132
213,324,46,133
213,325,46,132
213,325,46,132
214,324,46,132
214,324,46,132
214,324,45,129
214,325,44,128
215,326,43,125
214,326,43,125
214,325,44,128
213,326,43,125
214,325,44,126
213,325,44,126
213,325,44,128
214,326,43,125
214,325,44,126
214,325,44,126
214,325,44,128
215,325,45,129
214,325,45,129
215,326,44,126
215,325,44,126
214,325,44,128
214,325,44,128
214,325,44,128
214,325,45,129
214,325,45,129
214,325,45,130
214,325,45,130
214,325,45,130
215,325,45,130
215,325,45,130
214,325,45,130
213,325,45,129
213,326,44,126
212,325,45,130
212,324,45,130
213,324,45,130
212,324,45,130
212,325,45,130
212,324,45,130
212,324,45,130
212,324,45,130
212,325,45,130
212,325,45,130
213,326,44,126
212,324,45,130
212,326,44,126
213,325,44,126
213,326,44,126
212,324,45,130
212,324,46,132
213,324,46,132
213,324,46,132
213,324,46,132
213,324,46,132
212,324,45,130
213,326,44,126
213,325,44,126
213,325,44,126
213,326,44,126
213,326,44,126
213,325,44,126
212,325,45,129
213,325,44,126
213,326,44,126
212,324,45,130
213,326,44,126
212,325,45,130
212,326,44,126
212,324,45,130
213,324,46,132
212,325,46,132
212,325,45,130
213,326,44,126
213,326,44,126
213,326,44,126
212,325,45,130
212,325,45,130
212,324,45,130
212,324,45,130
213,326,44,126
212,326,44,126
213,326,44,126
212,324,45,130
212,324,45,130
212,326,44,126
213,326,44,126
213,326,44,126
212,325,44,128
213,326,44,126
213,326,44,126
212,324,45,130
212,324,45,130
212,326,44,126
212,324,45,130
212,324,46,132
212,324,45,130
213,326,44,126
213,326,44,126
213,326,44,126
213,326,44,126
212,326,44,126
213,326,44,126
213,326,44,126
213,326,44,126
213,326,44,126
213,325,44,126
213,325,44,126
213,326,44,126
213,326,44,126
213,326,44,126
213,326,44,126
212,326,44,126
213,326,44,126
213,326,44,126
212,325,45,129
213,326,44,126
212,324,45,129
212,326,44,126
213,326,44,126
213,326,44,126
213,326,44,126
212,325,44,126
212,326,44,126
213,326,44,126
213,326,44,126
213,325,44,126
212,326,44,126
212,326,44,126
213,326,44,126
213,326,44,126
212,326,44,126
212,325,44,126
213,325,44,126
212,326,44,126
212,326,44,126
212,325,45,129
212,326,44,126
212,326,44,126
212,326,44,126
212,326,44,126
212,326,44,126
213,326,44,126
213,326,43,125
212,325,44,126
212,326,44,126
212,326,44,126
212,326,44,126
212,326,44,126
212,325,44,126
212,325,44,126
212,325,44,126
212,326,44,126
212,326,44,126
212,326,44,126
212,325,44,126
212,325,44,126
212,325,44,126
212,326,44,126
213,326,44,126
212,326,44,126
212,325,44,126
212,325,44,126
212,325,44,126
212,326,44,126
212,326,44,126
212,326,44,126
212,326,44,126
212,326,44,126
212,327,43,124
213,328,43,123
212,326,44,126
212,325,44,126
213,328,43,123
212,326,44,126
212,326,44,126
212,326,44,126
212,325,44,126
212,325,44,126
212,327,43,124
212,326,44,126
212,325,44,128
212,326,44,126
212,326,43,125
212,326,44,126
212,325,44,126
212,326,44,126
212,326,44,126
212,327,43,124
212,326,44,126
212,325,44,126
212,326,44,126
212,326,44,126
212,326,44,126
212,325,44,126
212,326,44,126
212,326,44,126
212,326,44,126
212,325,44,128
212,326,43,125
212,325,44,128
212,326,44,126
212,327,43,124
212,326,44,126
212,326,44,126
212,326,44,126
212,326,44,126
212,327,43,124
212,326,44,126
212,325,44,126
212,326,44,126
212,326,44,126
212,325,44,128
212,327,43,124
212,326,44,126
212,326,43,124
212,326,43,124
212,325,44,128
212,327,43,124
212,326,44,126
212,326,44,126
212,325,44,128
212,325,44,128
212,327,43,124
212,326,44,126
212,325,44,126
212,325,44,126
212,326,43,124
212,325,44,126
212,326,44,126
212,326,44,126
212,325,44,126
212,325,44,126
212,326,44,126
212,326,44,126
212,326,44,126
212,326,44,126
212,325,44,126
212,326,43,124
212,326,44,126
212,326,44,126
212,326,44,126
212,325,44,126
212,325,44,126
212,326,44,126
212,326,44,126
212,327,43,124
212,325,44,128
212,326,43,124
212,325,44,126
212,326,43,124
212,325,44,128
212,327,43,124
212,327,43,124
212,326,43,124
212,327,42,121
212,327,43,124
212,325,44,128
212,326,44,126
212,326,44,126
212,326,43,124
212,326,43,124
212,328,42,121
212,327,43,124
212,326,44,126
212,326,44,126
212,326,44,126
212,326,44,126
212,326,44,126
212,326,44,126
212,326,44,126
212,326,44,126
212,326,43,124
212,326,44,126
212,327,43,124
212,328,42,121
212,327,43,124
212,327,43,124
212,326,44,126
211,325,45,129
211,324,45,130
212,326,44,126
212,326,43,125
212,328,42,121
212,326,43,124
212,327,43,124
212,326,43,125
212,327,43,123
212,326,44,126
212,327,43,124
212,327,43,124
212,327,43,124
212,327,43,124
212,326,43,124
212,327,43,124
212,328,42,121
212,328,42,121
212,327,43,124
212,326,44,126
212,326,43,124
212,326,44,126
212,327,43,124
212,328,43,123
212,328,42,121
212,326,43,124
212,326,44,126
212,327,43,124
212,328,42,121
212,328,43,123
212,327,43,124
212,326,43,124
212,326,43,124
212,328,42,121
213,329,41,119
212,328,42,121
212,327,43,124
212,326,43,125
212,326,44,126
212,326,44,126
212,327,43,124
212,327,43,124
212,327,43,124
212,328,42,121
212,327,43,124
212,328,42,121
213,329,41,119
212,328,42,121
212,327,43,124
212,326,44,126
212,326,43,124
212,328,42,121
212,327,43,124
212,327,43,124
212,327,43,124
212,327,42,121
211,327,43,124
212,328,42,121
212,328,43,123
212,326,44,126
212,328,43,123
212,329,41,119
212,327,42,121
211,326,43,124
212,328,42,121
212,327,43,124
212,327,43,124
212,328,42,121
212,328,42,121
211,326,43,124
212,328,42,121
212,327,43,124
212,328,42,121
212,327,43,124
212,326,43,124
211,325,44,126
212,327,43,124
212,327,43,124
212,327,43,124
212,327,43,125
212,327,43,124
212,328,42,120
211,326,43,124
212,326,44,126
212,327,43,124
212,327,43,124
212,326,44,126
212,327,43,124
212,327,42,121
212,327,42,121
211,327,43,124
211,327,43,124
212,327,43,124
211,326,44,126
212,327,43,123
211,327,43,124
212,328,42,121
211,327,43,124
212,327,42,121
212,328,42,121
212,328,43,123
212,327,43,124
212,327,43,124
212,328,42,120
212,327,43,124
211,326,43,124
212,328,42,121
212,328,42,121
211,326,43,124
212,327,43,124
212,327,43,124
212,327,43,124
212,327,43,124
212,326,43,124
212,326,43,124
211,326,44,126
211,327,43,124
211,327,43,124
212,326,43,124
211,326,43,125
211,327,43,124
212,328,42,121
211,327,43,124
212,328,43,123
212,328,42,120
211,326,43,124
211,327,43,124
212,328,42,121
212,328,43,123
212,327,43,124
212,327,43,124
211,326,43,124
211,327,43,124
211,327,43,124
212,328,42,121
212,328,43,123
211,326,44,126
212,328,43,123
212,326,43,125
211,326,43,124
211,326,43,125
212,327,43,124
212,328,42,121
212,328,42,121
211,327,43,124
211,326,43,124
211,327,43,124
212,328,43,123
211,326,44,126
211,327,43,124
212,327,42,121
212,326,43,125
212,328,42,121
212,328,42,121
212,328,42,121
211,327,43,124
212,328,42,121
211,327,43,124
211,327,43,124
212,329,42,120
211,327,43,124
212,328,42,121
212,328,42,121
211,327,43,124
212,328,42,121
212,327,42,121
212,329,41,119
212,328,43,123
212,328,43,123
212,327,43,124
212,327,43,124
211,327,43,124
212,328,42,121
211,327,43,124
212,329,42,120
212,328,42,121
212,328,43,123
212,327,43,123
211,327,43,124
211,328,42,121
212,328,42,121
212,327,42,121
211,327,43,124
211,328,42,121
211,328,42,121
211,328,42,121
211,326,43,124
211,326,43,125
211,328,42,121
212,328,42,121
211,328,42,121
212,328,42,121
211,326,43,124
212,328,42,121
211,328,42,121
211,327,43,124
212,328,42,121
212,328,42,121
212,328,42,121
212,328,42,120
211,327,43,124
212,328,42,121
211,327,43,124
211,327,43,124
212,327,42,121
211,326,43,124
212,327,43,123
212,329,41,119
212,328,43,123
212,328,43,123
211,327,43,124
212,328,42,121
212,328,42,121
212,328,42,121
212,328,42,121
212,329,41,119
212,328,43,123
212,328,42,121
212,329,41,119
211,328,42,121
211,326,43,124
211,327,43,124
212,328,42,121
211,327,43,124
211,328,42,121
211,326,43,125
211,326,43,124
211,327,43,124
212,328,42,121
212,328,42,121
211,327,43,124
211,327,43,124
212,328,43,123
212,329,42,120
212,328,42,121
212,328,42,120
212,328,42,121
211,326,43,124
211,327,42,121
211,328,42,121
211,327,43,124
212,328,42,121
211,328,42,121
211,327,43,124
211,327,43,124
212,328,42,121
212,329,41,119
211,328,42,121
211,328,42,121
211,327,43,124
212,328,42,121
212,329,41,119
212,328,43,123
212,328,42,121
211,327,43,124
211,327,43,124
212,328,42,121
211,328,42,121
211,327,43,124
211,328,42,121
211,328,42,121
211,328,42,121
212,329,41,119
211,328,42,121
212,329,41,118
211,328,42,121
211,328,42,121
211,328,42,121
211,327,43,124
212,328,43,123
212,329,41,119
211,328,42,121
211,327,43,124
211,328,42,121
211,328,42,121
211,327,43,124
211,328,42,121
212,328,42,120
211,328,42,121
211,328,42,121
212,329,41,119
212,329,41,119
212,327,43,123
211,327,43,124
211,328,42,121
211,328,42,121
212,328,42,121
211,328,42,121
211,328,42,121
211,328,42,121
212,328,42,121
211,327,43,124
211,327,43,124
211,328,42,121
211,327,43,124
212,328,42,120
211,328,42,121
211,328,42,121
212,329,41,119
211,328,42,121
211,328,42,121
211,328,42,121
211,327,43,124
211,327,43,124
211,328,42,121
212,329,42,120
211,328,42,121
211,328,42,121
211,327,43,124
211,327,43,124
211,328,42,121
211,328,42,121
211,328,42,121
212,329,41,119
211,328,42,121
211,328,42,121
211,328,42,121
211,328,42,121
211,328,42,121
211,328,42,121
211,328,42,121
211,328,42,121
212,329,41,119
211,328,42,121
211,327,43,124
211,328,42,121
211,328,42,121
211,328,42,121
211,328,42,121
212,328,43,123
212,329,41,119
212,329,41,119
211,328,42,121
211,328,42,121
211,328,42,121
211,327,43,124
211,327,43,124
211,328,42,121
211,328,42,121
212,329,41,119
211,328,42,121
211,327,43,124
211,327,43,124
211,328,42,121
212,329,41,119
211,328,42,121
211,328,42,121
211,326,43,125
211,327,43,124
211,328,42,121
212,328,43,123
211,328,42,121
211,328,42,121
212,328,42,120
211,327,43,124
211,328,42,121
212,329,41,119
212,328,43,123
211,328,42,121
211,328,42,121
211,327,43,124
211,327,43,124
211,328,42,121
211,328,42,121
211,328,42,121
211,328,42,121
211,328,42,121
211,328,42,121
211,328,42,121
211,327,43,124
211,328,42,121
212,329,42,120
211,328,42,121
211,328,42,121
212,328,43,123
211,327,43,124
211,328,42,121
211,328,42,121
211,328,42,121
211,328,42,121
212,329,42,120
211,327,43,124
212,329,42,120
211,328,42,121
211,327,43,124
211,328,42,121
211,328,42,121
212,328,43,123
211,328,42,121
211,328,42,121
211,328,42,121
211,328,42,121
211,328,42,121
212,329,41,119
211,328,42,121
211,328,42,121
211,328,42,121
211,328,42,121
211,327,43,124
211,327,43,124
211,328,42,121
211,328,42,121
211,328,42,121
211,328,42,121
212,329,42,120
211,327,43,124
211,328,42,121
212,329,41,119
211,328,42,121
211,328,42,121
211,328,42,121
211,328,43,123
212,328,43,123
212,329,41,119
211,328,42,121
211,328,42,121
211,328,42,121
211,328,42,121
211,328,42,121
211,327,43,124
211,328,42,121
211,327,43,124
211,328,42,121
211,328,42,121
211,328,42,121
211,328,42,121
211,327,43,124
211,328,42,121
211,328,42,121
211,328,42,121
211,328,42,121
211,328,42,121
211,328,43,123
211,329,42,120
211,328,42,121
212,329,42,120
211,328,42,121
212,328,42,120
211,328,42,121
211,327,43,124
211,328,42,121
212,329,41,119
212,328,43,123
212,328,43,123
211,328,43,123
211,328,42,121
212,329,42,120
211,328,42,121
211,327,43,124
211,328,42,121
211,328,42,121
212,329,41,119
211,328,42,121
211,328,42,121
211,329,41,119
211,328,42,121
212,329,41,119
211,329,42,120
211,329,41,118
211,328,42,121
211,328,42,121
211,328,42,121
211,327,43,124
211,328,42,121
211,328,42,121
212,329,41,119
212,328,42,120
211,329,41,119
211,329,41,119
212,330,41,117
211,329,42,120
211,328,42,121
211,329,41,119
211,328,42,121
211,328,42,121
211,329,42,120
211,328,42,121
211,327,43,124
211,328,42,121
211,328,42,121
211,328,42,121
211,329,41,119
211,329,41,119
211,329,41,119
211,328,42,121
211,328,42,121
211,328,42,121
211,329,41,119
211,329,41,119
212,329,41,119
211,328,42,121
211,329,42,120
211,328,42,121
211,328,42,121
211,328,42,121
211,328,42,121
211,328,42,121
211,328,42,121
211,329,41,119
211,329,41,119
211,328,42,121
211,328,42,121
211,328,42,121
211,328,42,121
212,329,41,119
212,330,41,117
212,329,42,120
211,328,42,121
211,328,42,121
211,328,43,123
211,328,42,121
211,328,43,123
212,329,42,120
211,329,41,119
211,329,41,119
211,328,42,121
211,328,42,121
211,328,42,121
211,328,42,121
211,328,42,121
211,328,42,121
211,329,41,119
211,328,42,121
211,329,41,119
211,328,42,121
211,328,42,121
211,328,42,121
212,329,41,119
211,329,41,119
211,328,42,121
211,328,42,121
211,328,42,121
211,328,42,121
211,329,41,119
211,328,42,121
211,329,41,119
211,328,42,121
211,329,41,118
211,329,41,118
211,328,42,121
211,329,41,118
211,329,41,119
212,330,41,117
211,329,41,119
211,328,42,121
211,329,41,119
211,329,41,118
211,329,41,119
211,329,41,118
211,329,41,118
211,328,42,121
211,329,41,119
211,328,42,121
211,329,41,119
211,329,41,119
211,329,41,119
211,328,42,121
211,329,41,118
211,328,42,121
211,328,42,121
211,329,41,119
211,329,41,119
211,328,42,121
211,329,41,118
212,330,41,117
211,329,41,119
211,328,42,121
211,328,42,121
211,328,42,121
211,328,42,121
211,329,41,119
212,330,41,117
211,329,41,119
211,328,42,121
212,329,41,118
211,328,42,121
211,328,42,121
211,328,42,121
211,330,41,118
211,329,41,119
211,329,41,118
211,329,41,118
212,330,41,117
212,329,42,120
211,328,42,121
211,328,42,121
211,329,41,118
211,328,42,121
211,328,42,121
211,329,41,118
211,329,41,118
211,328,42,121
211,329,41,118
211,329,41,118
211,328,42,121
211,329,41,119
211,329,41,119
211,330,41,118
211,329,41,119
211,329,41,119
211,329,41,119
211,328,42,121
211,328,42,121
211,329,41,119
211,329,41,118
211,329,41,118
211,329,41,119
211,329,41,119
211,329,41,118
211,330,41,118
211,328,42,121
211,328,42,121
211,329,41,119
211,329,41,118
211,328,42,121
211,328,42,121
211,329,41,119
211,328,42,121
211,329,41,119
211,328,42,121
211,329,41,119
211,329,41,118
211,329,41,119
211,329,41,119
211,328,42,121
211,329,41,119
211,329,41,118
211,329,41,119
211,329,41,118
211,328,42,121
211,329,41,119
211,329,41,119
211,328,42,121
211,329,41,119
212,330,41,117
211,329,41,119
211,330,41,118
211,329,41,119
211,328,42,121
211,329,41,119
211,329,41,118
211,329,41,119
211,329,41,118
211,329,41,119
211,330,41,118
212,331,41,117
211,329,41,119
211,329,41,119
212,330,41,117
211,329,41,119
211,328,42,121
211,329,41,119
211,329,41,119
211,329,41,119
211,330,41,118
211,330,41,119
211,329,41,119
211,329,41,119
211,329,41,119
211,329,41,119
211,328,43,123
211,330,41,119
211,330,41,118
210,328,42,121
210,328,42,121
211,329,41,119
211,329,41,119
211,329,41,119
211,330,41,119
210,329,42,121
211,329,41,119
211,329,41,119
211,329,41,119
211,329,42,121
211,328,42,121
211,330,41,119
211,330,41,118
211,329,41,119
211,331,41,117
210,330,41,118
210,329,42,121
210,329,42,121
210,329,42,121
210,328,43,123
210,328,42,121
210,329,42,120
210,329,41,119
211,330,41,119
210,328,42,121
211,329,41,119
211,328,42,121
211,329,41,119
211,329,41,119
211,329,41,119
211,329,41,119
211,329,41,119
211,329,41,119
211,329,41,119
211,329,41,119
210,328,42,121
211,329,41,119
211,328,42,121
211,329,41,119
211,329,41,119
211,329,41,119
211,329,41,119
212,331,41,117
211,329,41,119
211,329,41,119
210,328,42,121
211,330,41,119
211,330,41,118
211,328,42,121
211,329,42,120
211,327,43,124
210,327,44,128
210,328,43,125
210,328,43,125
210,328,42,121
211,328,42,121
211,329,41,119
211,329,41,119
210,329,41,119
211,329,42,120
210,328,42,121
211,330,41,119
211,329,41,119
211,329,41,119
210,328,42,121
211,330,41,119
210,328,42,121
211,329,41,119
210,328,42,121
211,329,41,118
211,329,41,119
211,328,43,123
211,328,43,123
211,329,43,123
210,329,42,121
211,329,41,119
210,328,42,121
211,329,41,119
211,329,41,119
211,329,41,119
211,329,41,119
211,329,41,119
211,330,41,118
211,329,41,119
211,329,41,119
211,329,42,120
211,329,41,119
211,329,41,119
211,329,41,119
211,329,41,119
211,329,41,119
211,329,41,119
210,328,42,121
211,329,41,119
211,329,41,119
211,330,41,119
210,328,42,121
210,328,42,121
210,328,42,121
211,329,42,120
210,330,41,119
211,330,41,119
210,328,42,121
210,328,42,121
210,328,42,121
211,329,41,119
211,329,41,119
211,329,41,119
211,329,41,119
211,329,41,119
211,329,41,119
211,330,41,118
211,330,41,118
211,330,41,118
211,330,41,119
211,329,41,119
211,328,43,123
211,329,42,120
211,330,41,119
211,330,41,118
211,329,41,119
210,330,41,118
210,328,42,121
211,330,41,119
211,330,41,119
211,329,41,119
211,329,41,119
210,328,42,121
211,330,41,118
211,329,41,119
211,329,41,119
211,329,41,118
211,329,41,119
211,329,41,118
211,329,41,118
211,330,41,118
211,329,41,119
211,330,41,118
211,329,41,118
211,329,41,118
211,329,41,119
211,328,42,121
211,329,41,119
212,330,41,117
211,329,42,120
210,328,42,121
211,329,41,119
211,329,41,119
211,330,41,118
211,329,41,119
211,329,41,119
210,328,42,121
211,329,41,119
211,329,41,119
210,328,42,121
211,330,41,118
211,330,41,118
211,329,41,119
211,329,41,119
210,328,42,121
211,329,41,119
210,328,42,121
211,330,41,119
211,329,42,120
211,330,41,118
211,330,41,119
211,329,41,119
211,329,41,119
211,330,41,117
211,329,41,119
211,329,41,119
211,329,41,119
211,331,41,117
211,329,41,119
211,329,41,119
210,328,42,121
211,330,41,119
211,329,41,119
210,330,41,119
210,330,41,118
210,328,42,121
211,329,41,119
211,330,41,119
211,330,41,118
211,330,41,119
211,330,41,119
211,329,41,119
211,329,41,119
211,329,41,119
211,329,41,119
211,329,41,119
211,329,41,119
210,330,41,118
210,330,41,118
211,331,41,117
211,330,41,118
210,330,41,118
211,331,40,116
210,329,41,119
211,331,40,116
211,330,41,118
210,330,41,118
211,329,41,119
211,330,41,118
210,330,41,118
211,331,41,117
211,330,41,117
211,330,41,118
210,330,41,118
211,329,41,119
211,330,41,117
210,330,41,118
211,331,40,116
211,331,41,117
211,329,41,119
210,330,41,118
210,329,41,119
210,329,41,119
211,331,41,117
210,330,41,119
211,330,41,118
211,329,41,119
210,329,41,119
211,329,41,119
211,329,41,119
210,329,41,119
211,329,41,119
210,329,41,119
211,330,41,118
211,331,41,117
211,329,41,119
210,330,41,118
210,329,41,118
210,329,41,119
210,330,41,118
211,330,41,118
210,330,41,118
210,329,42,120
211,331,41,117
210,329,41,119
210,328,42,121
210,330,41,119
210,330,41,118
211,331,40,116
211,329,41,119
210,330,41,118
211,331,41,117
211,330,41,118
210,330,41,119
211,330,41,118
210,330,41,118
211,329,41,119
210,329,41,119
210,329,41,119
210,330,41,119
210,330,41,118
210,328,42,121
210,329,41,119
210,328,42,121
211,330,41,118
210,330,41,119
210,330,41,119
210,329,41,119
211,331,41,117
210,330,41,118
210,328,42,121
210,330,41,118
211,331,41,117
210,330,41,118
210,329,41,119
211,331,41,117
210,329,41,119
211,331,41,117
210,330,41,118
211,331,41,117
211,330,41,117
210,330,41,118
211,330,41,117
211,331,41,117
210,330,41,118
210,329,41,119
210,330,41,118
211,329,41,119
210,330,41,118
211,331,41,117
210,330,41,118
210,330,41,119
211,330,41,118
210,330,41,118
210,330,41,118
211,331,41,117
210,330,41,119
210,329,41,119
211,329,41,119
211,331,41,117
210,329,41,119
210,329,41,119
210,330,41,119
210,331,40,116
211,330,41,117
210,329,41,119
211,330,41,117
211,331,41,117
211,331,40,116
211,331,41,117
210,330,41,118
211,331,41,117
210,329,41,119
211,331,40,116
211,329,41,119
210,329,41,119
211,330,41,118
210,330,41,118
210,330,41,118
211,331,40,116
211,330,41,118
210,328,42,121
210,330,41,118
210,329,41,119
211,331,41,117
210,330,41,119
210,330,41,119
211,331,40,116
211,331,40,116
210,329,41,119
210,330,41,118
210,330,41,119
210,328,42,121
210,329,41,119
210,330,41,118
210,328,42,121
210,330,41,118
211,331,41,117
210,330,41,119
210,330,41,118
211,331,41,117
210,330,41,118
210,328,42,121
210,330,41,119
210,330,41,119
210,330,41,118
210,330,41,118
211,331,41,117
210,329,41,119
210,330,41,119
211,331,41,117
210,330,41,118
210,329,41,119
211,331,41,117
210,329,41,119
210,330,41,119
210,330,41,118
210,330,41,118
210,329,41,119
210,329,41,119
211,331,41,117
210,330,41,118
210,330,41,119
211,331,40,116
210,329,41,119
211,331,41,117
210,330,41,119
210,330,41,118
210,330,41,119
211,331,41,117
210,330,41,118
211,331,41,117
210,330,41,118
210,329,42,120
210,330,41,118
210,329,41,119
210,330,41,118
210,330,41,118
210,330,41,118
210,330,41,119
210,330,41,118
211,330,40,116
210,329,41,119
210,330,41,118
210,330,41,119
210,330,41,118
211,331,41,117
210,331,40,116
210,330,41,118
210,330,41,119
210,330,41,119
210,330,41,119
210,330,41,118
210,328,42,121
210,330,41,118
210,330,41,119
210,330,41,119
210,330,41,119
210,329,42,120
210,330,41,118
210,329,41,119
210,329,41,119
210,330,41,118
211,331,41,117
210,329,41,119
210,330,41,118
211,331,41,117
210,330,41,118
210,329,41,119
210,330,41,119
211,331,40,116
210,329,41,119
211,331,41,117
210,330,41,118
211,331,41,117
210,330,41,119
