598,321,31,87
597,320,31,88
596,321,30,85
594,320,31,87
594,320,31,88
590,320,32,89
586,318,32,90
585,318,32,89
583,317,31,86
582,317,30,84
580,316,30,84
578,314,30,84
575,317,29,82
573,316,29,83
569,315,30,84
568,313,30,84
567,312,31,86
565,312,31,86
564,311,31,86
564,313,30,85
563,312,30,85
562,312,30,85
561,312,30,85
559,308,31,88
556,307,32,90
552,306,32,91
551,305,32,90
548,306,33,91
548,307,32,89
544,306,32,90
543,306,31,88
541,304,30,85
540,304,29,83
539,304,29,83
538,304,29,82
537,304,29,82
534,304,30,84
533,304,30,84
530,302,30,84
528,301,30,84
526,301,30,84
524,300,30,84
523,300,29,82
521,301,28,80
517,301,28,79
515,301,28,79
513,300,28,79
512,298,29,81
510,297,29,83
509,298,29,80
509,299,28,78
508,299,28,78
506,298,28,79
505,297,28,78
502,295,28,79
502,295,27,76
500,295,26,74
498,297,26,72
496,295,26,72
493,297,26,74
491,295,27,76
490,294,27,76
489,293,27,76
487,293,28,77
486,293,28,77
485,294,27,75
484,293,27,75
482,293,27,76
482,292,28,77
478,291,28,77
478,289,28,77
476,288,28,78
475,288,28,78
474,290,27,76
471,291,26,74
470,291,26,74
467,289,27,76
466,288,28,77
464,287,27,75
463,287,27,75
461,288,27,75
460,287,27,75
457,287,28,77
456,286,28,78
455,285,28,77
453,284,27,76
452,283,27,75
450,283,26,74
449,282,26,74
447,284,26,74
445,284,26,72
443,285,25,71
441,283,26,72
440,282,26,73
439,282,26,74
437,282,27,75
435,282,26,73
434,283,26,73
432,282,26,72
431,281,26,74
429,279,26,74
427,278,26,74
426,279,26,72
425,279,26,73
424,279,26,74
422,279,26,73
420,280,25,71
419,279,25,69
418,278,24,67
416,277,25,69
415,276,25,69
413,277,24,68
412,277,24,67
411,277,23,66
410,277,24,68
408,275,25,69
407,274,25,69
405,274,25,69
404,274,25,69
402,274,24,67
400,274,25,69
398,274,24,67
396,273,25,69
395,273,25,69
394,272,25,69
393,270,25,69
392,271,24,68
390,269,25,69
386,270,25,70
384,269,25,71
383,269,25,70
383,268,25,71
382,268,25,70
381,268,25,69
379,268,25,69
378,270,24,67
376,269,24,67
375,269,23,66
374,269,23,66
372,268,24,67
371,267,23,66
369,267,23,66
368,267,23,64
366,267,23,66
364,266,24,67
363,266,24,67
362,266,24,68
361,265,24,69
360,264,24,67
359,265,23,65
358,266,23,64
357,266,23,64
355,266,23,64
354,266,23,65
353,265,23,64
351,264,23,65
351,264,23,64
350,264,23,64
348,263,23,64
347,263,23,64
346,263,23,65
345,262,23,66
344,261,23,66
344,262,23,64
342,261,23,64
341,261,23,63
339,262,23,63
339,262,23,64
337,261,22,63
336,261,23,64
334,259,23,63
334,259,23,64
332,259,23,64
331,259,22,63
330,260,22,63
330,259,23,64
328,259,23,63
328,258,23,64
327,257,23,63
327,258,22,61
325,258,22,61
324,259,22,61
322,259,22,61
321,259,22,61
320,258,22,61
318,257,22,63
317,257,22,61
316,257,22,61
315,256,22,61
315,258,21,60
313,257,22,61
312,255,22,63
311,255,22,61
310,255,22,61
310,255,21,60
308,254,21,60
307,254,22,61
306,255,21,60
305,255,21,60
303,255,21,59
302,254,22,61
300,253,22,61
300,252,21,60
299,253,22,61
298,252,22,61
297,252,22,62
296,252,21,60
296,252,21,60
295,251,22,61
295,251,22,62
293,250,22,61
293,251,22,61
291,251,22,61
291,251,21,60
289,251,21,60
288,250,22,61
287,249,22,61
286,249,22,61
285,248,22,61
284,249,21,60
283,249,22,61
283,249,22,61
282,249,21,60
282,249,21,60
281,248,21,60
280,248,21,60
279,247,21,60
278,247,21,59
277,247,21,58
276,247,21,59
275,247,21,60
273,247,21,59
272,246,21,60
271,246,21,59
270,245,21,60
269,245,21,58
268,245,21,58
268,246,20,57
268,246,21,59
267,246,20,57
266,245,20,57
265,243,21,59
263,243,21,58
263,244,20,57
262,244,20,57
260,244,20,57
260,244,20,56
258,244,20,57
257,243,20,56
257,243,20,56
256,242,20,56
255,242,20,57
254,243,20,56
253,242,20,56
252,243,20,56
251,242,20,56
251,242,19,54
249,241,19,55
249,241,20,56
248,242,19,54
247,242,19,54
245,241,19,55
244,241,19,55
243,241,19,54
243,241,19,54
241,240,19,54
240,240,19,55
239,239,19,55
239,239,20,56
239,239,20,56
238,239,20,56
238,239,19,54
236,238,19,55
236,239,19,54
235,239,19,54
234,239,19,54
233,238,19,54
232,238,19,54
230,237,19,55
230,236,19,55
229,236,19,55
229,237,19,54
228,237,19,55
227,236,19,55
227,237,19,54
226,236,19,54
225,235,19,55
224,234,19,55
223,234,19,53
222,235,19,53
222,237,19,52
220,236,18,51
219,235,19,53
218,234,19,53
217,235,18,51
216,234,19,53
215,234,19,54
215,235,19,52
213,234,19,53
213,234,19,53
212,234,19,52
212,233,19,52
211,233,18,51
210,233,18,51
209,233,18,51
208,233,18,51
208,234,18,50
206,233,18,50
205,232,18,51
204,231,18,51
203,231,18,50
202,231,18,51
201,231,18,51
201,232,18,50
200,231,18,50
199,231,18,51
199,231,18,50
198,230,18,50
197,230,17,49
196,230,18,50
195,230,18,50
194,230,18,50
193,230,17,49
192,230,18,50
191,229,18,50
190,229,18,50
189,228,18,51
189,228,18,51
188,229,18,50
187,229,18,50
186,229,17,49
185,228,18,50
185,228,18,50
184,227,18,51
183,227,18,51
182,226,18,51
182,227,18,50
181,228,18,50
180,228,18,50
178,227,18,51
178,227,18,50
177,226,18,51
177,226,18,51
176,227,18,50
175,226,18,51
175,227,18,50
174,226,18,50
174,226,18,50
173,225,18,51
172,224,19,53
172,224,18,52
171,224,18,51
170,225,18,50
169,226,17,49
168,225,18,50
167,225,18,50
167,224,18,50
166,223,18,51
165,224,18,50
165,224,18,50
164,224,18,50
164,224,18,50
163,223,18,51
163,223,18,50
163,223,17,49
162,223,17,49
162,223,17,49
161,223,18,50
160,223,18,50
159,223,17,49
158,223,18,50
158,222,17,49
157,222,17,47
156,221,17,49
155,221,18,50
155,222,17,49
154,222,17,49
154,222,17,47
154,222,17,49
153,221,17,49
153,221,17,49
152,220,17,49
152,221,17,47
152,221,17,47
151,221,17,46
151,222,17,46
150,221,17,46
