324,26,13,18
324,26,13,18
324,26,13,18
323,27,13,18
323,26,13,18
323,27,13,18
323,27,12,17
323,27,13,18
322,26,13,18
322,26,13,18
322,26,13,18
322,26,13,18
321,26,13,19
321,26,13,18
321,27,13,18
321,27,13,18
320,27,13,18
320,27,13,18
320,27,13,18
320,28,13,18
318,26,12,17
318,26,13,17
318,26,12,17
318,27,12,17
318,27,12,17
318,27,12,17
317,26,12,17
317,26,12,17
316,26,13,18
317,26,12,17
316,27,12,17
317,26,13,18
316,26,13,17
316,26,13,18
316,26,13,18
316,26,13,17
316,26,13,18
316,26,13,18
316,26,13,18
316,27,13,17
316,26,13,18
316,27,13,17
316,26,13,18
316,26,13,18
316,26,13,18
316,26,13,18
316,26,13,18
316,26,13,18
316,26,13,18
316,26,13,18
316,26,13,18
316,27,13,18
316,26,13,18
316,27,13,18
316,26,13,18
316,26,13,18
316,26,13,18
317,27,13,18
317,26,13,18
317,26,13,18
317,26,13,18
317,27,13,18
317,27,13,18
317,27,13,18
317,26,13,18
317,27,13,18
317,26,13,18
317,26,13,17
318,27,13,18
318,27,12,17
318,27,12,17
318,27,13,18
318,27,13,18
318,27,13,18
318,27,13,18
318,27,13,18
318,27,13,18
318,27,13,18
318,27,13,18
318,27,12,17
318,27,12,17
318,27,13,18
318,27,13,18
318,27,13,18
318,27,13,18
318,27,13,18
318,27,13,18
318,27,13,18
318,27,13,18
318,27,13,18
318,27,13,17
318,27,13,18
318,27,13,18
318,27,13,18
318,27,13,18
318,27,13,18
318,27,13,18
318,27,13,18
318,27,13,18
318,27,13,18
318,27,13,18
317,27,13,18
318,27,13,18
317,27,13,18
317,27,13,18
317,27,13,18
317,27,13,18
317,27,13,18
317,27,14,19
317,27,13,18
317,27,13,18
317,27,13,18
317,27,13,18
317,27,13,18
317,26,14,19
317,27,14,19
317,27,14,19
317,27,14,19
317,27,13,18
317,27,13,18
317,27,13,18
317,27,13,18
317,27,13,18
317,27,13,18
317,27,13,18
317,27,13,18
317,27,13,18
318,27,13,18
318,27,13,18
318,27,13,18
318,27,13,18
318,27,13,18
319,27,13,18
319,27,13,18
319,27,13,18
319,27,13,18
319,27,13,18
319,27,13,18
319,27,13,18
319,27,13,18
319,27,13,18
319,27,13,18
319,27,13,18
320,27,12,17
320,27,13,18
320,27,13,18
320,27,13,17
320,27,13,18
320,27,13,18
321,27,13,18
321,27,13,18
321,27,13,17
322,27,13,18
322,27,13,18
322,27,14,19
322,26,14,19
323,26,14,20
322,26,14,19
322,26,13,19
322,26,14,19
323,26,14,19
323,26,14,19
323,26,14,19
323,26,14,19
323,26,14,19
323,26,14,19
323,26,14,19
324,26,14,19
323,26,14,19
324,26,14,19
324,26,13,19
324,26,14,19
324,26,14,19
324,26,14,19
324,26,14,19
324,26,13,19
324,26,14,19
324,26,13,19
324,26,14,19
324,26,14,19
325,26,14,19
325,26,14,19
324,26,13,19
325,26,14,19
325,26,13,18
325,26,14,19
325,26,14,19
325,26,13,19
325,26,14,19
325,26,14,19
325,26,14,19
325,26,14,19
325,26,14,19
325,26,14,19
325,26,13,18
325,26,14,19
325,26,13,19
325,26,14,19
325,26,14,19
325,26,14,19
325,26,14,19
325,26,13,19
326,26,13,19
326,26,13,19
326,26,14,19
326,26,14,19
326,26,13,19
326,26,14,19
326,26,14,19
326,26,14,19
326,26,13,19
326,26,13,18
326,26,13,19
327,27,13,18
327,26,13,18
326,26,13,19
326,26,14,19
326,26,13,19
327,26,13,18
327,26,13,18
327,27,13,18
327,27,13,18
327,26,13,19
327,27,13,18
327,26,13,19
327,27,13,18
327,26,13,19
327,27,13,18
327,26,13,19
327,27,13,18
327,26,13,19
327,27,13,18
327,26,13,18
327,26,13,19
327,27,13,18
327,27,13,18
327,26,13,19
327,27,13,18
327,27,13,18
327,26,13,19
327,26,13,19
327,26,13,18
327,27,13,18
327,27,13,18
327,27,13,18
327,27,13,18
327,27,13,18
327,27,13,18
327,26,13,18
327,27,13,18
327,26,13,19
327,27,13,18
327,26,13,19
327,27,13,18
327,26,13,19
327,26,13,18
327,26,13,19
327,27,13,18
327,26,13,19
327,27,13,18
327,26,13,18
327,26,13,19
327,26,13,19
327,26,13,18
327,26,13,18
327,26,13,19
327,26,13,18
327,26,13,18
327,26,13,19
327,26,13,19
327,26,13,19
327,26,13,19
327,26,13,19
327,26,13,18
327,26,13,18
327,26,13,18
327,26,13,19
328,26,13,19
327,26,13,19
328,26,13,18
328,26,13,18
328,26,13,19
328,26,13,19
328,26,13,19
328,26,13,18
328,27,13,18
328,26,13,18
328,26,13,18
328,26,13,18
328,26,13,18
327,26,13,19
328,26,13,19
328,26,13,18
328,26,13,18
327,26,13,19
328,27,13,18
328,27,13,18
328,27,13,18
328,26,13,18
328,26,13,19
328,26,13,18
328,26,13,18
328,26,13,19
328,27,13,18
328,27,13,18
328,27,13,18
328,27,13,18
328,27,13,18
328,27,13,18
328,26,13,18
328,26,13,18
328,26,13,18
328,26,13,18
328,27,13,18
328,26,13,18
328,26,13,18
329,27,13,17
329,27,13,17
329,27,13,17
330,28,12,17
330,27,12,17
331,27,12,17
330,27,13,17
331,28,12,17
332,28,12,17
331,28,12,17
331,27,12,17
331,27,13,17
332,27,13,18
331,26,13,19
332,27,13,18
333,27,13,18
333,27,13,18
333,26,13,18
334,27,13,18
334,26,13,17
334,27,13,18
334,27,13,17
335,27,12,17
335,26,13,18
335,26,13,18
336,28,12,17
336,27,13,17
336,27,13,18
336,26,13,18
336,26,13,17
336,27,12,17
338,28,12,17
340,27,13,18
339,27,13,18
340,25,14,19
340,25,14,19
340,25,14,19
341,26,14,19
342,26,14,19
342,25,14,19
342,26,14,19
343,27,13,18
342,26,14,19
343,27,14,19
343,26,14,19
343,25,14,19
343,25,14,19
344,25,14,19
344,26,14,19
344,25,14,19
343,25,14,19
344,25,14,19
343,25,13,19
344,25,14,19
344,26,14,19
344,25,14,19
343,25,14,19
344,25,14,19
345,25,14,19
345,24,14,19
344,25,14,19
344,26,14,20
344,25,14,20
344,25,14,19
344,25,14,20
345,25,14,19
344,26,14,20
343,25,15,20
349,25,14,20
349,24,14,20
343,25,15,20
350,25,15,20
350,24,14,20
344,25,14,20
343,25,15,20
351,24,14,20
343,25,15,20
351,25,14,20
351,25,14,20
351,24,14,19
344,25,14,19
351,25,14,19
351,25,14,19
351,25,14,19
351,24,14,19
352,24,14,19
343,25,15,20
343,25,15,21
341,26,15,21
342,24,15,21
343,24,15,21
343,24,15,21
343,25,15,21
344,25,15,20
343,25,15,21
343,25,15,20
343,24,15,20
343,24,15,21
343,24,15,21
343,25,15,21
343,25,15,21
343,25,15,21
343,24,15,21
343,24,15,21
343,24,15,21
343,24,15,21
343,25,15,20
343,25,15,21
343,25,15,21
343,24,15,21
343,24,15,21
343,24,16,22
343,25,16,22
343,25,15,21
343,24,15,21
342,24,16,22
343,24,15,21
343,24,16,22
343,25,15,21
343,24,16,22
343,24,15,21
343,24,16,22
343,23,16,22
343,25,15,21
343,24,16,22
343,25,15,21
343,24,16,22
343,23,16,22
343,23,16,22
343,24,16,22
343,25,16,22
343,25,16,22
343,24,16,22
343,23,16,22
343,24,16,22
343,24,16,22
343,25,16,22
343,25,15,21
343,24,16,22
343,24,16,22
342,24,16,22
343,25,15,21
343,25,16,22
343,25,16,22
343,24,16,22
343,24,16,22
343,24,16,22
343,25,16,22
343,25,15,21
343,24,16,22
343,24,16,22
343,24,16,22
343,24,16,22
343,25,16,22
343,25,16,22
343,24,16,22
343,24,16,22
342,23,16,22
343,24,16,22
343,24,16,22
343,25,16,22
343,24,16,22
343,24,16,22
343,24,16,22
343,24,16,22
343,25,16,22
343,25,16,22
343,24,16,22
343,23,16,22
343,24,16,22
343,25,16,22
343,25,16,22
343,24,16,22
342,23,16,22
342,24,16,22
343,24,16,22
343,24,16,22
343,25,16,22
343,24,16,22
343,23,16,22
342,23,16,22
343,24,16,22
343,24,16,22
343,25,16,22
343,24,16,22
343,24,16,22
343,23,16,22
343,24,16,22
343,25,16,22
343,25,16,22
343,25,16,22
342,23,16,22
342,23,16,22
343,24,16,22
343,25,16,22
343,25,16,22
343,24,16,22
343,23,16,22
342,24,16,22
343,25,16,22
343,24,16,22
343,24,16,22
343,24,16,22
343,24,16,22
343,24,16,22
343,24,16,22
343,24,16,22
343,24,16,22
343,24,16,22
343,24,16,22
343,24,16,22
343,24,16,22
343,24,16,22
343,24,16,22
343,24,16,22
343,24,16,22
343,24,16,22
343,24,16,22
343,24,16,22
343,25,16,22
343,24,16,22
343,24,16,22
343,24,16,22
343,24,16,22
343,24,16,22
343,24,16,22
343,24,16,22
343,24,16,22
343,24,16,22
343,24,16,22
343,24,16,22
343,24,16,22
343,24,16,22
343,24,16,22
343,24,16,22
343,24,16,22
343,24,16,22
343,24,16,22
343,24,16,22
343,24,16,22
343,24,16,22
343,24,16,22
343,24,16,22
342,23,17,23
342,23,17,23
342,23,17,23
342,24,17,23
342,23,17,23
342,24,17,23
342,23,17,23
342,23,17,23
342,23,17,23
342,24,17,23
342,24,17,23
342,23,17,23
342,23,17,23
342,24,17,23
342,24,17,23
342,23,17,23
342,24,17,23
342,23,17,23
342,24,17,23
342,24,17,23
342,24,17,23
342,24,17,23
342,23,17,23
342,23,17,23
342,23,17,23
342,23,17,23
342,24,17,23
342,24,17,23
342,23,17,23
342,24,17,23
342,23,17,23
342,23,17,23
342,23,17,23
342,24,17,23
342,24,17,23
342,23,17,23
342,23,17,23
342,23,17,23
343,24,17,23
342,24,17,23
343,24,17,23
343,24,17,23
342,23,17,23
342,23,17,23
342,24,17,23
343,24,17,23
342,24,17,23
342,24,17,23
342,23,17,23
342,24,17,23
342,24,17,23
342,24,17,23
342,24,17,23
342,23,17,23
342,23,17,23
342,23,17,23
342,24,17,23
342,23,17,23
342,24,17,23
342,23,17,23
342,24,17,23
342,24,17,23
342,24,17,23
342,24,17,23
342,23,17,23
342,23,17,23
342,23,17,23
342,24,17,23
342,24,17,23
342,24,17,23
342,23,17,23
342,23,17,23
342,24,17,23
342,23,17,23
342,24,17,23
342,23,17,23
342,24,17,23
342,23,17,23
342,23,17,23
342,23,17,23
342,23,17,23
342,23,17,23
342,23,17,23
342,24,17,23
342,23,17,23
342,23,17,23
342,24,17,23
342,24,17,23
342,24,17,23
342,24,17,23
342,24,17,23
342,24,17,23
342,24,17,23
342,24,17,23
342,24,17,23
342,24,17,23
342,24,17,23
342,24,17,23
342,24,17,23
342,24,17,23
342,24,17,23
342,24,17,23
342,24,17,23
342,24,17,23
342,24,17,23
342,24,17,23
342,24,17,23
342,24,17,23
342,24,17,23
342,24,17,23
342,24,17,23
342,24,17,23
342,24,17,23
342,24,17,23
342,24,17,23
342,24,17,23
342,24,17,23
342,23,17,23
342,23,17,23
342,23,17,23
342,24,17,23
342,24,17,23
342,24,17,23
342,23,17,23
342,23,17,23
342,23,17,23
342,23,17,23
342,23,17,23
342,24,17,23
342,23,17,23
342,23,17,23
342,23,17,23
342,24,17,23
342,24,17,23
342,24,17,23
342,23,17,23
342,23,17,23
342,23,17,23
342,23,17,23
342,24,17,23
342,24,17,23
342,24,17,23
342,23,17,23
342,23,17,23
342,24,17,23
342,24,17,23
342,23,17,23
342,23,17,23
342,23,17,23
342,23,17,23
342,24,17,23
342,24,17,23
342,23,17,23
342,23,17,23
342,23,17,23
342,23,17,23
342,24,17,23
342,24,17,23
342,23,17,23
342,24,17,23
342,24,17,23
342,23,17,23
342,23,17,23
342,24,17,23
342,23,17,23
342,24,17,23
342,24,17,23
342,24,17,23
342,23,17,23
342,23,17,23
342,23,17,23
342,23,17,23
342,24,17,23
342,24,17,23
342,23,17,23
342,23,17,23
342,23,17,23
342,24,17,23
342,24,17,23
342,24,17,23
342,23,17,23
342,23,17,23
342,23,17,23
342,24,17,23
342,24,17,23
342,24,17,23
342,23,17,23
342,23,17,23
342,23,17,23
342,24,17,23
342,24,17,23
342,24,17,23
342,23,17,23
342,23,17,23
342,23,17,23
342,24,17,23
342,24,17,23
342,23,17,23
342,23,17,23
342,23,17,23
342,24,17,23
342,24,17,23
342,24,17,23
342,24,17,23
342,23,17,23
342,23,17,23
342,24,17,23
342,24,17,23
342,24,17,23
342,24,17,23
342,23,17,23
342,23,17,23
342,24,17,23
342,24,17,23
342,24,17,23
342,23,17,23
342,23,17,23
342,23,17,23
342,24,17,23
342,24,17,23
343,36,17,24
343,34,17,24
342,35,17,23
342,36,17,23
342,36,17,23
343,36,17,23
342,36,17,23
342,36,17,23
342,35,17,23
343,36,17,23
342,36,17,23
342,35,17,23
343,35,17,23
342,35,17,23
343,35,17,23
342,35,17,23
343,35,17,23
343,61,17,23
344,87,17,23
344,96,17,23
345,118,17,23
344,113,17,24
345,117,17,24
345,117,17,23
345,117,17,23
345,118,17,23
345,116,17,23
345,118,17,23
344,116,17,23
345,117,17,23
345,116,17,23
345,117,17,23
346,143,16,22
347,170,16,22
347,174,16,22
348,195,17,23
345,187,17,24
348,194,17,23
348,195,17,23
347,193,17,24
348,195,17,23
348,194,17,23
348,195,17,23
348,195,17,23
348,194,17,23
348,195,17,23
347,194,17,23
348,194,17,23
347,194,17,23
348,194,17,23
348,194,17,23
348,195,17,23
347,194,17,23
347,194,17,23
347,194,17,23
347,195,17,23
347,194,17,23
348,194,17,23
348,194,17,23
347,194,17,23
347,194,17,23
348,194,17,23
348,195,17,23
348,195,16,22
348,195,17,23
347,194,17,23
348,194,17,23
348,194,17,23
348,194,17,23
348,194,17,23
347,194,17,23
347,194,17,23
347,194,17,23
348,195,17,23
348,195,17,23
348,195,17,23
348,195,17,23
348,195,17,23
348,194,17,23
348,195,17,23
348,195,17,23
348,195,17,23
348,194,17,23
348,195,17,23
348,195,17,23
348,195,17,23
348,195,17,23
348,194,17,23
348,194,17,23
348,194,17,23
348,195,17,23
348,195,17,23
348,195,17,23
347,194,17,23
347,194,17,23
348,194,17,23
348,195,17,23
348,195,17,23
348,195,17,23
348,195,17,23
348,195,17,23
348,194,17,23
348,194,17,23
348,195,17,23
348,195,17,23
348,195,17,23
347,194,17,23
348,194,17,23
348,195,17,23
348,194,17,23
348,195,17,23
348,195,17,23
348,195,17,23
348,194,17,23
348,194,17,23
348,194,17,23
348,195,17,23
348,195,17,23
348,195,17,23
348,194,17,23
348,194,17,23
348,194,17,23
348,195,17,23
348,195,17,23
348,195,17,23
348,194,17,23
348,194,17,23
348,194,17,23
348,195,17,23
348,195,17,23
348,195,17,23
348,194,17,23
348,194,17,23
348,194,17,23
348,195,17,23
348,195,17,23
348,195,17,23
348,194,17,23
348,194,17,23
348,194,17,23
348,195,17,23
348,195,17,23
348,195,17,23
348,195,17,23
348,194,17,23
347,194,17,23
348,194,17,23
348,194,17,23
348,195,17,23
348,194,17,23
348,194,17,23
347,194,17,23
348,194,17,23
348,195,17,23
348,195,17,23
348,195,17,23
347,194,17,23
347,194,17,23
348,194,17,23
348,195,17,23
348,195,17,23
348,195,17,23
348,194,17,23
348,194,17,23
348,194,17,23
348,195,17,23
348,195,17,23
348,195,17,23
348,194,17,23
347,194,17,23
348,195,17,23
348,195,17,23
348,195,17,23
348,195,17,23
348,194,17,23
348,194,17,23
348,194,17,23
348,195,17,23
348,195,17,23
348,194,17,23
348,194,17,23
348,194,17,23
348,194,17,23
348,195,17,23
348,195,17,23
348,195,17,23
348,194,17,23
348,194,17,23
348,195,17,23
348,195,17,23
348,195,17,23
348,195,17,23
348,194,17,23
348,194,17,23
348,194,17,23
348,195,17,23
348,195,17,23
348,195,17,23
347,194,17,23
348,194,17,23
348,194,17,23
348,195,17,23
348,195,17,23
348,195,17,23
348,195,17,23
347,194,17,23
348,194,17,23
347,194,17,23
348,195,17,23
348,195,17,23
348,195,17,23
348,195,17,23
347,194,17,23
348,195,17,23
348,195,17,23
348,195,17,23
348,195,17,23
347,194,17,23
347,194,17,23
348,194,17,23
347,194,17,23
348,195,17,23
348,195,17,23
348,195,17,23
347,194,17,23
347,194,17,23
348,194,17,23
348,194,17,23
348,195,17,23
348,195,16,22
347,194,17,23
347,194,17,23
347,194,17,23
348,195,17,23
348,195,17,23
348,195,17,23
347,194,17,23
348,194,17,23
348,194,17,23
348,195,17,23
348,195,17,23
348,195,17,23
348,194,17,23
348,194,17,23
348,195,17,23
348,195,17,23
348,195,17,23
348,195,17,23
348,194,17,23
348,194,17,23
348,194,17,23
347,194,17,23
348,195,17,23
347,194,17,23
348,194,17,23
348,195,17,23
347,194,17,23
348,196,17,23
348,195,17,23
348,195,17,23
348,195,17,23
348,194,17,23
348,195,17,23
348,195,17,23
348,195,17,23
348,194,17,23
348,194,17,23
348,194,17,23
348,194,17,23
348,195,17,23
348,195,17,23
348,195,17,23
348,194,17,23
348,195,17,23
348,194,17,23
348,195,17,23
348,194,17,23
348,195,17,23
348,195,17,23
348,195,17,23
348,195,17,23
348,194,17,23
348,195,17,23
348,195,17,23
347,194,17,23
348,194,17,23
348,194,17,23
348,195,17,23
347,194,17,23
347,194,17,23
348,194,17,23
347,194,17,23
348,195,17,23
348,195,17,23
347,194,17,23
347,194,17,23
347,194,17,23
348,195,17,23
347,194,17,23
348,195,17,23
347,194,17,23
347,194,17,23
347,194,17,23
347,194,17,23
348,195,17,23
347,194,17,23
347,194,17,23
347,194,17,23
347,194,17,23
347,194,17,23
348,195,17,23
348,195,17,23
347,194,17,23
347,194,17,23
348,194,17,23
348,195,17,23
348,195,17,23
347,194,17,23
348,194,17,23
348,194,17,23
347,195,17,23
348,195,17,23
348,194,17,23
348,194,17,23
347,194,17,23
348,194,17,23
348,195,17,23
348,195,17,23
348,195,17,23
347,194,17,23
348,194,17,23
347,194,17,23
347,194,17,23
348,195,17,23
347,195,17,23
348,194,17,23
347,194,17,23
347,194,17,23
347,194,17,23
348,195,17,23
348,195,17,23
347,194,17,23
347,194,17,23
347,194,17,23
348,194,17,23
348,195,17,23
348,195,17,23
348,194,17,23
347,194,17,23
347,194,17,23
347,194,17,23
348,195,17,23
348,195,17,23
347,194,17,23
347,194,17,23
347,194,17,23
348,194,17,23
348,195,17,23
348,195,17,23
347,194,17,23
348,194,16,22
347,194,17,23
347,194,17,23
348,194,17,23
