308.85
0.72628
0.27934
0.1462
0.14436
0.14193
0.83107
0.14242
0.14028
0.14248
0.14019
0.14088
0.36431
0.13906
0.3674
0.26905
0.1378
0.13835
0.35481
0.14122
0.26625
0.25779
0.26978
0.2691
0.4773
0.13726
0.13715
0.14019
0.13678
0.13713
0.35739
0.14051
0.13776
0.26398
0.26599
0.26338
0.35975
0.13829
0.14261
0.13907
0.13981
0.14118
0.35542
0.14018
0.13993
0.1363
0.14007
0.14075
0.35448
0.13992
0.31535
0.14345
0.14169
0.14118
0.35925
0.14568
0.14061
0.14178
0.14096
0.14185
0.36014
0.82829
0.70559
0.68942
0.68564
0.71008
0.92202
0.69972
0.68251
0.69645
0.71183
0.69207
0.89891
0.69122
0.70137
0.69885
0.84609
0.82287
0.6995
0.84811
0.82707
0.89932
0.83389
0.68123
0.6856
0.6956
0.69094
0.91177
0.71619
0.13708
0.13714
0.13669
0.13777
0.34871
0.13646
0.13813
0.13694
0.13704
0.13882
0.49343
0.13372
0.13854
0.13953
0.14053
0.13768
0.34901
0.13853
0.13789
0.13842
0.13773
0.13803
0.34989
0.13753
0.1388
0.13982
0.13764
0.14042
0.34843
0.13838
0.13947
0.13922
0.13868
0.13888
0.34722
0.13803
0.14
0.13606
0.13831
0.13668
0.34812
0.1311
0.13876
0.13769
0.14012
0.13699
0.34797
0.13764
0.13754
0.13955
0.13921
0.13692
0.34676
0.13794
0.13911
0.13905
0.13873
0.13896
0.34832
0.13899
0.1393
0.14066
0.13813
0.14063
0.34554
0.13899
0.13931
0.13915
0.1398
0.13685
0.34729
0.13744
0.13698
0.13783
0.13898
0.13614
0.3473
0.13697
0.13715
0.1402
0.137
0.13645
0.34695
0.1344
0.138
0.13884
0.13589
0.1379
0.34785
0.13677
0.13888
0.13967
0.13881
0.13857
0.34719
0.14014
0.13926
0.13785
0.13815
0.13918
0.34624
0.13228
0.13834
0.14044
0.1405
0.13983
0.34764
0.13887
0.13996
0.13886
0.14025
0.1364
0.34969
0.14011
0.13947
0.14001
0.13888
0.13795
0.35029
0.13715
0.14036
0.13937
0.13809
0.14
0.34961
0.13798
0.13844
0.14005
0.14017
0.14032
0.34823
0.1349
0.13962
0.13875
0.13865
0.14024
0.34899
0.14153
0.13858
0.13831
0.13966
0.138
0.35041
0.13975
0.13999
0.13993
0.13983
0.13921
0.35042
0.14056
0.13956
0.13906
0.13931
0.13932
0.34701
0.14022
0.13966
0.13948
0.13971
0.13955
0.348
0.1333
0.13893
0.13944
0.14032
0.13822
0.35089
0.13897
0.28833
0.13929
0.13853
0.14034
0.29527
0.29313
0.29229
0.29029
0.29193
0.28954
0.29138
0.29341
0.29065
0.29087
0.29258
0.28309
0.29605
0.29472
0.29468
0.29596
0.29447
NaN
NaN
NaN
NaN
310.36
0.73762
0.27915
0.14197
0.4082
0.31739
0.31329
0.31419
0.3089
0.30885
0.31017
0.30868
0.31209
0.30962
0.31027
0.31028
0.30615
0.30736
0.3047
0.30928
NaN
NaN
NaN
NaN
310.98
0.72182
0.27619
0.14267
0.14145
0.14086
0.81986
0.14227
0.14146
0.13968
0.39471
0.31759
0.3092
0.31471
0.53261
0.30307
0.30196
0.29665
0.30426
0.30735
0.30925
0.31103
0.13922
0.1389
0.35391
0.13975
0.13869
0.14208
0.14019
0.30927
0.34986
0.14019
0.13897
0.13841
0.13799
0.13927
0.34871
0.13974
0.13803
0.13832
0.13945
0.13719
0.34614
0.13848
0.13736
0.13798
0.13872
0.13736
0.35067
0.13676
0.13878
0.13841
0.13805
0.13876
0.35244
0.13806
0.31523
0.14141
0.14117
0.14027
0.35275
0.14161
0.32788
0.32651
0.30855
0.3177
0.30019
0.51721
0.30779
0.1407
0.14048
0.30365
0.30791
0.30902
0.3598
0.145
0.14232
0.14124
0.14338
0.14163
0.35889
0.14122
0.14157
0.14149
0.14522
0.14238
0.35949
0.14078
0.14122
0.2775
0.14218
0.14073
0.14172
0.25897
0.25776
0.25935
0.25446
0.25488
0.25698
0.36083
0.13878
0.13853
0.14477
0.13928
0.13991
0.35797
0.13765
0.13859
0.1387
0.13825
0.14176
0.35593
0.13897
0.13966
0.13202
0.13968
0.14247
0.35732
0.13908
0.1394
0.13764
0.13897
0.14048
0.35701
0.14221
0.1424
0.33835
0.14336
0.14034
0.13978
0.3631
0.14058
0.14003
0.14277
0.14058
0.14278
0.35962
0.14155
0.1432
0.14183
0.1416
0.14259
0.35433
0.13995
0.14348
0.14135
0.14081
0.30604
0.14144
0.36232
0.14153
0.14167
0.29359
0.31181
0.13799
0.13678
0.13689
0.35015
0.13914
0.13868
0.13731
0.13785
0.13823
0.34781
0.1423
0.13787
0.1379
0.13947
0.13867
0.35167
0.13967
0.13726
0.13915
0.13755
0.13832
1.0108
0.68108
0.68341
0.68274
0.67571
0.83709
0.67844
0.88168
0.66616
0.68038
0.66705
0.67155
0.67961
0.88321
0.66681
0.66297
0.65882
0.66941
0.6797
0.89105
0.67863
0.67983
0.68785
0.67738
0.68154
0.89598
0.68816
0.68152
0.68278
0.68811
0.67548
0.89146
0.67249
0.68058
0.68966
0.82855
0.68098
0.67075
0.88315
0.67398
0.67491
0.6806
0.68096
0.66817
0.83471
0.89368
0.85315
0.68048
0.85995
0.85737
0.69013
0.69001
0.68438
0.69262
0.91706
0.68128
0.86047
0.69377
0.87187
0.86983
0.70961
0.71432
0.89985
0.89099
0.6983
0.90721
0.92154
0.90166
0.69189
0.90647
0.71663
0.70054
0.89124
0.70835
0.90445
0.89756
0.69102
0.89799
0.90418
0.90516
NaN
NaN
NaN
NaN
311.65
0.73767
0.28061
0.82713
0.72271
0.7023
1.0562
1.3999
0.99522
1.0134
0.69382
0.98401
0.97621
0.97945
0.71036
1.0177
1.01
0.70361
1.0548
0.93309
0.69845
0.68517
0.94646
0.94772
0.69542
0.69754
0.70664
0.93349
0.92208
0.69624
0.69773
0.70118
0.86617
0.86352
0.69805
0.85837
0.31295
0.31225
0.31184
