301.21
0.73228
0.2797
0.14444
0.14407
0.14081
0.82578
0.14288
0.14242
0.3255
0.2392
0.24343
0.23389
0.22943
0.22836
0.22658
0.21873
0.22687
0.22582
0.22409
0.22448
0.22568
0.46626
0.14319
0.14105
0.14379
0.1436
0.14791
0.36834
0.1436
0.24131
0.14273
0.24182
0.14052
0.36244
0.14153
0.1416
0.14399
0.14433
0.23999
0.22777
0.23428
0.23415
0.23329
0.45666
0.23225
0.23397
0.2345
0.22432
0.23085
0.23259
0.23006
0.44977
0.23886
0.23565
0.14244
0.23973
0.14228
0.36772
0.14217
0.14154
0.14119
0.14207
0.14091
0.36462
0.14175
0.32376
0.14458
0.14573
0.14875
0.36236
0.13645
0.14458
0.1433
0.14589
0.14501
0.36546
0.14869
0.15164
0.23744
0.23085
0.22848
0.22861
0.22922
0.22948
0.2299
0.23051
0.2371
0.24304
0.46555
0.14733
0.24434
0.23436
0.24176
0.22455
0.23085
0.23072
0.22918
0.23027
0.22973
0.23016
0.22961
0.22903
0.23122
0.23009
0.23103
0.22837
0.23674
0.14573
0.3675
0.14516
0.14598
0.1477
0.14522
0.14388
0.36756
0.1453
0.14481
0.1399
0.14475
0.14419
0.3639
0.14525
0.14522
0.1449
0.14631
0.14581
0.36473
0.14611
0.14478
0.14629
0.14539
0.14529
0.36363
0.14675
0.14493
0.14584
0.14837
0.14423
0.36335
0.14393
0.14465
0.14621
0.1455
0.14477
0.36604
0.22461
0.14609
0.22478
0.22499
0.22449
0.22505
0.22796
0.22603
0.2259
0.2242
0.22498
0.22482
0.21995
0.22012
0.219
0.228
0.22103
0.1397
0.14067
0.13899
0.35282
0.1421
0.14186
0.14237
0.14148
0.13346
0.22748
0.22875
0.22749
0.22789
0.22764
0.23273
0.22659
0.44403
0.23578
0.23246
0.23281
0.23227
0.23236
0.23183
0.23267
0.2311
0.23486
0.24036
0.23358
0.2334
0.23424
0.13799
0.23064
0.23028
0.23048
0.23788
0.14371
0.14342
0.14243
0.35295
0.14037
0.14324
0.14223
0.14069
0.14215
0.21779
0.21687
0.21819
0.22344
0.21984
0.21973
0.21793
0.21732
0.21815
0.21662
0.21664
0.21764
0.21613
0.21816
0.35159
0.13852
0.14135
0.14223
0.14173
0.13983
0.34982
0.13991
0.21685
0.21767
0.21765
0.21655
0.21669
0.21738
0.21704
0.2172
0.21687
0.21634
0.21702
0.21696
0.21624
0.21748
0.21332
0.21732
0.21679
0.2176
0.21634
0.21724
0.21641
0.2163
0.21848
0.2198
0.22049
0.21889
0.2194
0.21969
0.14208
0.14366
0.14252
0.14163
0.35561
0.14409
0.14256
0.14344
0.14306
0.14267
0.35289
0.13582
0.14306
0.1421
0.14237
0.14143
0.35346
0.142
0.14315
0.1427
0.14204
0.14225
0.35295
0.14447
0.1424
0.14344
0.14169
0.14174
0.35368
0.14235
0.13965
0.13896
0.14059
0.13841
0.35047
0.13987
0.14073
0.13993
0.13857
0.14078
0.35408
0.13334
0.14122
0.13995
0.14167
0.14149
0.353
0.14033
0.13983
0.14104
0.13908
0.14063
0.35457
0.1398
0.14224
0.14345
0.13993
0.14234
0.3558
0.14129
0.14309
0.14282
0.14196
0.14101
0.35406
0.14044
0.14216
0.14306
0.14178
0.14239
0.35649
0.1331
0.14014
0.14068
0.13821
0.14113
0.35027
0.14039
0.14103
0.13762
0.14024
0.1403
0.34999
0.14105
0.13919
0.14071
0.14017
0.13764
0.35256
0.13965
0.13849
0.14181
0.14136
0.14048
0.35048
0.13844
0.14059
0.14046
0.13719
0.14048
0.34899
0.14038
0.13967
0.13949
0.14048
0.1404
0.21254
0.35035
0.21681
0.14236
0.21744
0.21757
0.21688
0.21765
0.21891
0.2172
0.13989
0.14099
0.14023
0.14146
0.35268
0.14235
0.13943
0.14019
0.1429
0.14009
0.3554
0.14043
0.13381
0.14147
0.14136
0.13967
0.35309
0.14064
0.14115
0.14283
0.14096
0.14122
0.35299
0.13916
0.14124
0.14513
0.14308
0.14464
0.35547
0.14157
0.14389
0.14244
0.14142
0.14546
0.35041
0.14009
0.14481
0.13964
0.14175
0.14419
0.35365
0.13931
0.14474
0.1428
0.14409
0.14452
0.35466
0.14288
0.1429
0.14344
0.14323
0.14338
0.35337
0.14091
0.1441
0.14314
0.1431
0.14467
0.35197
0.14398
0.14102
0.14173
0.14157
0.1417
0.34931
0.14165
0.14167
0.13998
0.14128
0.14085
0.35132
0.14142
0.14161
0.14033
0.14166
0.14045
0.3549
0.14041
0.14186
0.14332
0.14381
