309.73
0.7679
0.29454
0.15755
0.15988
0.15865
0.85227
0.15761
0.15805
0.15655
0.15889
0.15485
0.38151
0.15699
0.15512
0.15447
0.6932
0.15463
0.60278
0.60542
0.81234
0.58611
0.55603
0.55651
0.55813
0.58554
0.5753
0.55192
0.56328
0.52818
0.54202
1.1579
0.87168
0.68401
0.64483
0.62188
0.69396
1.1235
1.1243
0.59501
0.59445
0.59716
0.61324
0.58834
0.60089
0.59757
0.60235
0.59269
0.59542
0.5913
0.5933
0.59537
0.59329
0.59269
0.59648
0.61072
0.60768
0.59706
0.59923
0.59884
0.59547
0.59447
0.5949
0.59443
0.59158
0.59262
0.59239
0.59066
0.59323
0.59152
0.58384
NaN
NaN
NaN
NaN
306.77
0.72269
0.27701
0.14617
0.14719
0.1462
0.82109
0.14277
0.14282
0.14457
0.14254
0.14494
0.35598
0.14043
0.14162
0.14316
0.13998
0.14155
0.35192
0.14109
0.14212
0.14231
0.13396
0.14225
0.35171
0.14009
0.14176
0.41946
0.33297
0.33627
0.31755
0.32226
0.31893
0.31471
0.52725
0.13991
0.31941
0.3225
0.32748
0.32856
0.33631
0.34165
0.34875
0.35287
0.33771
0.33359
0.33167
0.32828
0.33376
0.31817
0.31687
0.31489
0.31639
0.32026
0.53059
0.13063
0.13906
0.13891
0.1382
0.1388
0.35277
0.13816
0.13869
0.1416
0.14167
0.13686
0.35266
0.13803
0.31242
0.14297
0.13934
0.14147
0.35525
0.1401
0.14003
0.14061
0.13891
0.14195
0.97953
0.60914
0.61071
0.63528
0.67519
0.67125
0.35163
0.1414
0.13925
0.14094
0.14059
0.13951
0.35278
0.1404
0.14061
0.14155
0.13429
0.13839
0.35221
0.14009
0.14059
0.66922
0.64002
0.6477
0.82656
0.63706
0.66317
0.67459
0.14031
0.14208
0.35169
0.14265
0.14015
0.13837
0.27186
0.25712
0.25171
0.25164
0.25861
1.0174
0.63706
0.60988
0.73053
0.64985
0.77686
0.2612
0.13874
0.34947
0.13802
0.13965
0.13675
0.13778
0.13849
0.35037
0.13843
0.13822
0.13685
0.13668
0.13565
0.347
0.23886
0.24419
0.13758
0.13678
0.13629
0.14049
0.34881
0.13594
0.13832
0.13607
0.13684
0.14295
0.34619
0.13649
0.13861
0.13433
0.13649
0.138
0.34551
0.13572
0.13512
0.13545
0.12861
0.13529
0.34611
0.13698
0.13605
0.13652
0.13433
0.14281
0.22577
0.44594
0.22703
0.1433
0.22154
0.2196
0.21963
0.22061
0.22444
0.2183
0.21946
0.21868
0.22889
0.23091
0.21888
0.21802
0.21107
0.22242
0.22254
0.22409
0.22291
0.22258
0.22159
0.22134
0.22225
0.22112
0.22244
0.22056
0.22271
0.21901
0.22657
0.2206
0.21985
0.21817
0.21808
0.22539
0.22023
0.22572
0.23248
0.2179
0.22081
0.22121
0.21958
0.22034
0.22816
0.21984
0.22139
0.21965
0.22157
NaN
NaN
NaN
NaN
310.75
0.73015
0.27989
0.14083
0.14041
0.14014
0.83478
0.14356
0.13885
0.13931
0.139
0.13883
0.36746
0.1381
0.13835
0.13673
0.13733
0.13794
0.36323
0.13747
0.13917
0.1371
0.28551
0.13324
0.20282
0.13865
0.43293
0.1385
0.20667
0.21345
0.20152
0.20257
0.20025
0.13801
0.13909
0.3601
0.13727
