311.67
0.74986
0.29747
0.15956
0.15787
0.15571
0.84948
0.15579
0.15685
0.15612
0.15579
0.15726
0.37985
0.15434
0.15512
0.15584
0.16493
0.1596
0.37687
0.15592
0.15389
0.14742
0.15565
0.15499
0.37295
0.15595
0.15407
0.15491
0.15373
0.15716
0.37205
0.1549
0.15483
0.15763
0.15668
0.15254
0.37335
0.1558
0.15639
0.15937
0.15737
0.15624
0.37196
0.15718
0.15857
0.1557
0.15576
0.15723
0.36635
0.15668
0.33372
0.15873
0.15479
0.70467
0.36946
0.15454
0.15399
0.1523
0.15314
0.15508
0.83888
0.1538
0.15316
0.15475
0.15463
0.15268
0.36771
0.14672
0.15277
0.1544
0.15488
0.15415
0.36539
0.15739
0.15582
0.15292
0.15356
0.15507
0.36627
0.15416
0.15468
0.15393
0.15296
0.15584
0.36758
0.15261
0.15356
0.1534
0.15267
0.15315
0.36853
0.15198
0.1533
0.15323
0.1451
0.15303
0.36658
0.15258
0.15266
0.15426
0.15451
0.15256
0.36672
0.15471
0.15133
0.15181
0.15226
0.15432
0.36383
0.15269
0.15117
0.15223
0.15293
0.15308
0.36329
0.15278
0.15158
0.15551
0.15213
0.15338
0.36572
0.14543
0.15573
0.15317
0.15449
0.15269
0.36607
0.15236
0.15204
0.15281
0.15559
0.15413
0.76175
0.5418
0.55585
0.15203
0.1531
0.15044
0.36608
0.15052
0.15139
0.1524
0.14463
0.15176
0.36531
0.15285
0.15098
0.15558
0.16549
0.16335
0.36493
0.15184
0.15254
0.15131
0.15694
0.15277
0.36333
0.15242
0.15424
0.15826
0.15212
0.15443
0.36507
0.15305
0.15332
0.15363
0.15225
0.15144
0.3661
0.14341
0.15057
0.15009
0.15252
0.15002
0.36466
0.1566
0.15136
0.15115
0.15042
0.15124
0.36468
0.15246
0.15334
0.15162
0.16184
0.15808
0.37263
0.15153
0.15238
0.15195
0.15242
0.15283
0.37009
0.15143
0.15104
0.15231
0.15043
0.1445
0.36597
0.15036
0.1507
0.15304
0.15132
0.1542
0.36531
0.15234
0.15248
0.15205
0.15371
0.15391
0.36246
0.15166
0.15273
0.15047
0.15399
0.15526
0.37168
0.15586
0.15623
0.15492
0.15525
0.15543
0.374
0.14997
0.15585
