309.66
0.76688
0.31532
0.18088
1.1784
0.17467
0.85901
0.17323
0.1726
0.17958
0.17269
0.17153
0.39324
0.17316
1.0781
1.0727
1.0894
1.0933
1.0881
1.0926
1.1312
1.1112
1.1106
1.1314
1.1189
1.1201
1.1156
1.1167
1.0738
0.39277
0.17519
0.17586
0.17387
0.17204
0.17424
1.1545
0.885
0.88586
0.88706
0.87965
0.87314
0.87823
0.17702
0.17266
0.85768
0.88086
0.87901
0.88773
0.88223
0.886
0.8779
0.93081
1.1142
0.17193
0.17248
0.17343
0.1755
0.17346
0.39398
0.17211
0.17346
0.17392
0.17446
0.17159
0.38954
0.17297
0.17352
0.1763
0.1722
0.17174
0.39636
0.17353
0.35104
0.17569
0.17524
0.17662
0.41478
0.17589
0.18022
0.17513
0.17429
0.17345
0.39765
0.17355
0.1736
0.17496
0.17527
0.17041
0.39827
0.17596
0.17341
0.17169
0.17327
0.17281
0.39611
0.17207
0.17443
0.1721
0.17209
0.1756
0.39592
0.17523
0.17386
0.17465
0.17434
0.17308
0.39165
0.17294
0.17403
0.17189
0.17597
0.17237
0.39479
0.17366
0.17018
0.17113
0.17171
0.17226
0.39732
0.17054
0.17227
0.17199
0.17388
0.17512
0.39331
0.17297
0.17525
0.17271
0.16965
0.17034
0.39255
0.17173
0.17305
0.16984
0.16899
0.16531
0.39061
0.17308
0.17162
0.1689
0.17034
0.16867
0.39576
0.17159
0.17573
0.17548
0.17346
0.17717
0.39355
0.17316
0.17256
0.17231
0.17182
0.1715
0.39576
0.17238
0.17423
0.17402
0.1732
0.16894
0.39858
