311.07
0.73868
0.27767
0.14496
0.14085
0.40365
0.31688
0.31158
0.31478
0.30957
0.31074
0.31337
0.30883
0.3026
0.31235
0.31059
0.3151
1.0184
0.14085
0.14013
0.14029
0.30727
0.30584
0.30276
0.31144
0.3007
0.52778
0.27874
0.27721
0.30824
0.28657
0.27787
0.27918
0.28516
0.26863
0.27235
0.5087
0.13972
0.14116
0.2698
0.26328
0.26414
0.2615
0.14046
0.26859
0.26708
0.49497
0.28417
0.13948
0.30123
0.29916
0.13777
0.30761
0.30164
0.30414
0.53839
0.29038
0.29644
0.28965
0.28599
0.29313
0.28026
0.2711
0.2741
0.27423
0.13447
0.49885
0.2819
0.13432
0.13609
0.30916
0.31106
0.53393
0.13892
0.13923
0.13996
0.13935
0.13961
0.3547
0.13923
0.3146
0.1407
0.14265
0.14773
0.36214
0.14425
0.1409
0.14135
0.14124
0.14037
0.36239
0.13539
0.34821
0.36978
0.36153
0.36308
0.36379
0.37097
0.38157
0.38252
0.38196
0.38556
0.3819
0.37525
0.37661
0.38394
0.3795
0.60794
0.14081
0.40524
0.40353
0.41234
0.40568
NaN
NaN
NaN
NaN
308.51
0.73307
0.38573
0.40527
0.28935
0.29919
0.28653
0.27941
0.2848
0.30081
0.29196
0.2748
0.27686
0.27378
0.27331
0.28157
0.27313
0.27124
0.26934
0.27788
NaN
NaN
NaN
