311.38
0.72562
0.27773
0.14286
0.14104
0.14065
0.82001
0.14166
0.13928
0.14127
0.13896
0.13933
0.62739
0.33914
0.33921
0.33513
0.33331
0.34474
0.34104
0.34868
0.34701
0.34655
0.34646
0.34542
0.34691
0.3514
0.35473
0.35581
0.36611
0.37451
0.35347
0.35098
0.3579
0.35427
0.35185
0.36
0.35241
0.35214
0.35606
0.35308
0.3547
0.35317
0.35628
0.36191
0.57521
0.35345
0.35689
0.34857
0.36829
0.36017
0.35845
0.36007
0.36424
0.3623
0.36099
0.13839
0.36338
0.36164
0.36112
0.36613
0.36566
0.35724
0.57106
0.13898
0.13696
0.13756
0.13817
0.13718
0.35055
0.13628
0.13747
0.13725
0.1371
0.13836
0.35273
0.13682
0.13793
0.13666
0.13831
0.13834
