308.89
0.73924
0.28809
0.14847
0.14781
0.14608
0.83661
0.14986
0.14655
0.14575
0.1451
0.14675
0.36595
0.14306
0.14429
0.14264
0.14492
0.14358
0.3625
0.1429
0.14352
0.14645
0.14419
0.13885
0.36218
0.1425
0.1439
0.14227
0.14483
0.14392
0.35833
0.14455
0.14527
0.14303
0.14372
0.14473
0.35776
0.1443
0.14381
0.14177
0.14321
0.14284
0.35948
0.14429
0.14277
0.14239
0.14403
0.14246
0.36011
0.14304
0.32146
0.14546
0.14664
0.14339
0.36532
0.14557
0.15052
0.14591
0.14642
0.14324
0.3592
0.1448
0.14346
0.14185
0.14118
0.13772
0.35248
0.14052
0.14047
0.14095
0.13917
0.14015
0.35127
0.13878
0.13992
0.1397
0.13915
0.13971
0.35152
0.14106
0.14266
0.14208
0.14188
0.14223
0.34878
0.13871
0.13956
0.13949
0.13928
0.13927
0.34854
0.13939
0.1394
0.13884
0.13301
0.13969
0.36029
0.14273
0.14383
0.14177
0.14281
0.1441
0.35432
0.14336
0.14313
0.14205
0.144
0.14253
0.35318
0.14199
0.14421
0.14092
0.14112
0.14369
0.35769
0.14525
0.14088
0.14297
0.14293
0.14054
0.35709
0.14339
0.13473
0.14305
0.14399
0.14092
0.35707
0.13989
0.13905
0.1528
0.14863
0.14486
0.36901
0.14638
0.15139
0.13925
0.14458
0.14963
0.36184
0.13899
0.13994
0.13861
0.13742
0.13778
0.3465
0.13614
0.13929
0.14069
0.1379
0.13925
0.34711
0.13891
0.13989
0.13714
0.13931
0.13997
0.34548
0.13981
0.14132
0.13787
0.13857
0.13919
0.34807
0.14201
0.13919
0.14123
0.14159
0.1382
0.35638
0.14025
0.13869
0.13982
0.13956
0.13833
0.35363
0.13735
0.13874
0.1388
0.13948
0.13965
0.35299
0.14004
0.13922
0.14217
0.13824
0.13931
0.35613
0.13897
0.14025
0.13945
0.13808
0.1389
0.35429
0.13982
0.1391
0.13771
0.13845
0.13952
0.35227
0.13956
0.13875
0.13982
0.13928
0.13807
0.35292
0.13208
0.13894
0.14053
0.13951
0.13991
0.35558
0.14049
0.13873
0.14021
0.13829
0.13885
0.35407
0.13912
0.14011
0.14129
0.14197
0.14089
0.35418
0.138
0.14021
0.14135
0.14128
0.13989
0.3554
0.13933
0.14109
0.13933
0.1404
0.14169
0.35577
0.133
0.36505
0.26915
0.33125
0.26736
0.26558
0.27325
0.27139
0.27113
0.35625
0.14066
0.14022
0.13981
0.14043
0.29717
0.2802
0.49745
0.13578
0.13649
0.13867
0.1388
0.12987
0.34987
0.13754
0.13673
0.13855
0.13986
0.13764
0.34829
0.13698
0.25608
0.25542
0.25437
0.25661
0.25599
0.25563
0.25509
0.25485
0.25653
0.14035
0.138
0.14109
0.13969
0.35214
0.13923
0.13375
0.13797
0.14154
0.14029
0.35463
0.14013
0.13934
0.13872
0.14009
0.13888
0.35426
0.14009
0.1398
0.14088
0.14072
0.13948
0.35183
0.14083
0.13833
0.14052
0.14005
0.14053
0.35366
0.1394
0.14072
0.13937
0.13946
0.14104
0.35195
0.13254
0.14239
0.13864
0.13897
0.1396
0.35144
0.14014
0.14169
0.13916
0.14032
0.14148
0.35236
0.13898
0.13785
0.13798
0.13789
0.13977
0.35117
0.14057
0.13793
0.13939
0.14061
0.13807
0.35273
0.13993
0.13948
0.14067
0.14053
0.14022
0.35383
0.13214
0.13973
0.14079
0.1393
0.14091
0.3507
0.13711
0.13856
0.14063
0.13919
0.14073
0.35079
0.1378
0.13997
0.13951
0.13802
0.14
0.35083
0.13973
0.13994
0.13818
0.13881
0.13814
0.34947
0.14038
0.13745
0.13881
0.14017
0.13862
0.35379
0.13345
0.13864
0.13877
0.13663
0.14054
0.35257
0.13881
0.13977
0.14017
0.13857
0.14145
0.35039
0.13729
0.13786
0.13695
0.13792
0.13917
0.35135
0.14183
0.13983
0.7158
0.6965
0.60683
0.85764
0.65155
0.14035
0.13909
0.1395
0.13903
0.35203
0.13903
0.1388
0.13984
0.13821
0.1377
0.35151
0.13827
0.13883
0.13961
0.13881
0.14039
0.3543
0.13871
0.14223
0.14019
0.13283
0.14146
0.35204
0.13973
0.14031
0.1392
0.13994
0.14108
0.34981
0.14117
0.13905
0.1389
