310.14
0.73463
0.28225
0.14428
0.14144
0.14078
0.82854
0.1462
0.13944
0.14028
0.14038
0.1395
0.36265
0.13749
0.13815
0.13826
0.13806
0.13834
0.35837
0.13745
0.13891
0.13846
0.13844
0.13892
0.35577
0.13833
0.13794
0.138
0.13805
0.141
0.35635
0.13906
0.13822
0.13782
0.13894
0.13876
0.35525
0.13958
0.13993
0.13934
0.13927
0.13779
0.3636
0.139
0.13795
0.13844
0.13796
0.13852
0.36265
0.14093
0.32346
0.14444
0.14359
0.14238
0.36303
0.14248
0.14209
0.14425
0.1425
0.14271
0.35601
0.14012
0.14253
0.14356
0.14203
0.14298
0.35614
0.14193
0.1427
0.14405
0.14204
0.14255
0.3574
0.1433
0.14394
0.14458
0.14247
0.1448
0.35692
0.13743
0.14244
0.14321
0.14319
0.14324
0.35629
0.14107
0.14343
0.14294
0.14303
0.14398
0.35739
0.14142
0.14383
0.14556
0.14145
0.14439
0.35717
0.14219
0.14508
0.14356
0.14236
0.1428
0.35726
0.14327
0.14489
0.14375
0.14335
0.14474
0.34945
0.14294
0.14608
0.14287
0.14052
0.14556
0.35663
0.14257
0.14228
0.14424
0.14331
0.14557
0.35758
0.14254
0.143
0.14258
0.14523
0.14457
0.3599
0.14303
0.14674
0.14433
0.14331
0.14407
0.35943
0.14298
0.14477
0.14591
0.14092
0.14396
0.36241
0.14352
0.14759
0.14691
0.14564
0.14819
0.36296
0.14607
0.14716
0.14627
0.14725
0.14735
0.35874
0.14763
0.1483
0.14776
0.14799
0.14817
0.36064
0.14688
0.14633
0.14571
0.1532
0.14711
0.35824
0.13793
0.14698
0.14931
0.14579
0.1448
0.36316
0.14662
0.14783
0.14899
0.14839
0.14682
0.36368
0.15092
0.15029
0.14964
0.14978
0.15055
0.36151
0.15354
0.15009
0.1503
0.15274
0.15176
0.36718
0.15475
0.1545
0.15406
0.15374
0.14663
0.37038
0.15296
0.15538
0.15517
0.15382
0.15498
0.37214
0.15508
0.1555
0.15863
1.951
1.91
2.1101
0.15655
0.15839
1.829
0.15906
0.15649
0.36722
0.15124
0.14179
0.1542
0.14736
0.14665
0.36099
0.1521
