326.16
0.90373
0.43339
0.29741
0.29834
0.29525
0.98935
0.29743
0.29633
0.30329
0.29436
0.29636
0.52394
0.29417
0.29546
0.30062
0.29228
0.29139
0.51091
0.29555
0.295
0.29779
0.29563
0.29452
0.51255
0.28953
0.28743
0.83586
0.65927
0.71034
1.0342
0.80868
0.29488
0.29286
0.29573
0.28858
0.50419
0.84968
0.70133
0.6715
0.79151
0.78878
0.51189
0.29666
0.29773
0.29692
0.29573
0.79259
0.95953
0.72541
0.93062
0.75784
0.25286
0.30097
0.51608
0.30035
0.29709
0.29108
0.30138
0.29686
0.51926
0.29898
0.29613
0.2985
0.29839
0.29785
0.51492
0.30417
0.29842
0.29658
0.30063
0.29425
0.5081
0.29948
0.29589
0.68801
0.67346
0.73267
0.87496
0.6404
0.65577
0.6558
0.6504
0.65885
1.1453
0.75244
0.81564
0.29165
0.29779
0.29801
0.50902
0.29143
0.29789
0.29125
0.29732
0.30186
0.51416
0.29253
0.29487
0.29459
0.30028
0.68683
0.8811
0.666
0.65106
0.66123
0.79987
0.81122
0.51417
0.29927
0.29512
0.29904
0.29721
0.29855
0.51526
0.77696
0.67014
0.65882
0.7384
0.81038
1.034
0.29738
0.2955
0.29708
0.29696
0.29537
0.51286
0.29609
0.29675
0.79376
0.67968
0.6478
1.0065
0.81752
0.29218
0.30566
0.29536
0.29291
0.51042
0.29501
0.29668
0.29531
0.29558
0.29563
0.51605
0.83364
0.71838
0.81181
0.67454
0.668
0.90455
0.65516
0.65763
0.65326
0.6655
0.68407
0.98629
0.73976
0.29757
0.29737
0.2968
0.29682
0.5114
0.29063
0.29444
0.29565
0.29627
0.29633
0.51125
0.29351
0.29674
0.29411
0.29727
0.29618
0.50904
0.89606
0.66828
0.80843
0.64017
0.6515
1.0282
0.29231
0.29241
0.28429
0.29482
0.29481
0.4979
0.28645
0.29619
0.29429
0.29691
0.29599
0.50099
0.28719
0.28994
0.29358
0.28993
0.29754
0.511
0.29771
0.29912
0.2944
0.29683
0.28933
0.51398
0.29462
0.29224
0.29757
0.29003
0.29007
0.50759
0.28975
0.29731
0.2909
0.29601
0.29672
0.50963
0.29613
0.28958
0.29829
0.29598
0.29657
0.51614
0.29677
0.29775
0.29507
0.2948
0.29642
0.51221
0.29636
0.29894
0.2927
0.29427
0.29516
0.50784
0.29645
0.29482
0.29367
0.29599
0.2956
0.51279
0.2992
0.29798
0.29767
0.29684
0.29015
0.51765
0.2988
0.29804
0.29278
0.30146
0.3005
0.51447
0.2986
0.30109
0.29966
0.29784
0.2898
0.51171
0.30099
0.29632
0.29627
0.29836
0.29791
0.51402
0.29335
0.29641
0.29645
0.29975
0.2983
0.51605
0.29901
0.30188
0.29866
0.29944
0.29975
0.51721
0.29753
0.29929
0.30396
0.30121
0.29994
0.51043
0.29304
0.29675
0.29504
0.29492
0.29268
0.51193
0.29366
0.29589
0.29424
0.29823
0.29268
0.51457
0.29554
0.29029
0.29568
0.29954
0.91831
1.0014
0.81169
0.8005
0.30162
0.29706
0.29168
0.5143
0.29722
0.29762
0.29683
0.29699
0.29856
0.51488
0.29783
0.29919
0.29686
0.29972
0.29631
0.51773
0.29763
0.29082
0.29743
0.29738
0.2972
0.51504
0.29828
0.2984
0.29132
0.30017
0.29914
0.51851
0.29878
0.29981
0.29968
0.3036
0.29766
0.50958
0.29121
0.29813
0.29898
0.30201
0.29919
0.88266
0.65175
0.67866
0.83049
0.2948
0.30147
0.51802
0.30147
0.30371
0.30442
0.30261
0.30752
0.52179
0.30358
0.30334
0.29951
0.29915
0.30333
0.51541
0.29641
0.30123
0.30153
0.30011
0.30412
0.51619
0.83227
0.65313
0.87584
0.80122
0.29395
0.51986
0.29971
0.30173
0.30018
0.30095
0.29963
0.52205
0.3026
0.79804
0.85874
0.87821
0.9742
1.0556
0.29997
0.30091
0.30318
0.30327
0.30143
0.89308
0.98236
0.84096
0.30383
0.29927
0.29645
0.51491
0.30479
0.30361
0.30496
0.30468
0.30452
0.51963
0.30625
0.30302
0.30264
0.29963
0.30472
0.51945
0.30646
0.30524
0.2982
0.30768
1.0599
1.4521
0.7828
0.85892
0.79584
0.3096
0.30894
0.52829
0.30263
0.30251
0.3071
0.30891
0.30547
0.52476
0.30399
0.30072
0.30595
0.30589
0.30257
0.52447
0.30782
0.30523
0.30704
0.85192
0.73355
1.0626
0.68495
0.6599
0.83617
0.24958
0.2917
0.50036
0.29035
0.29097
0.2893
0.28327
0.29212
0.50694
0.28576
0.29022
0.28756
0.76926
0.77897
0.96761
0.78375
0.78604
0.71085
0.79988
0.6764
0.88123
0.68672
0.66139
0.71344
0.78063
0.67124
0.87077
0.65909
0.7807
0.786
0.29953
0.29719
0.51214
0.29926
0.28973
0.29653
0.29651
0.68242
0.88024
0.68659
0.7357
0.65013
0.74608
0.67147
0.87877
0.68416
0.67976
0.64728
0.65016
