312.21
0.73268
0.28329
0.14416
0.14735
0.14362
0.8331
0.14362
0.14374
0.14251
0.14902
0.14214
0.37113
0.13938
0.14172
0.1424
0.5952
0.51146
0.5165
0.50987
0.50863
0.50943
0.50666
0.4995
0.50081
0.50209
0.5002
0.501
0.14095
0.35015
0.13942
0.14059
0.14089
0.14153
0.14086
0.3515
0.14349
0.144
0.14031
0.14351
0.14072
0.35577
0.14102
0.14039
0.14184
0.14203
0.14028
0.35405
0.14161
0.14093
0.14206
0.14185
0.1414
0.35201
0.1431
0.13932
0.1431
0.14235
0.14107
0.35434
0.13323
0.31779
0.14444
0.14373
0.14393
0.35668
0.14332
0.145
0.14227
0.1468
0.14134
0.35285
0.14344
0.14663
0.14322
0.14359
0.14506
0.35431
0.14345
0.14259
0.46071
0.14349
0.14131
0.14425
0.3564
0.14215
0.13863
0.14474
0.14324
0.14719
0.35702
0.14204
0.14433
0.14498
0.1435
0.14472
0.35626
0.14365
0.14444
0.14266
0.14168
0.14313
0.35488
0.14417
0.14409
0.14509
0.1444
0.14249
0.35628
0.14369
NaN
NaN
NaN
NaN
310.47
0.74245
0.28193
0.14658
0.14634
0.14293
0.83126
0.14452
0.14416
0.14212
0.14299
0.14187
0.36957
0.14048
0.1408
0.141
0.14196
0.14055
0.35884
0.14125
0.14003
0.14213
0.14123
0.13332
0.36386
0.14051
0.13969
0.14222
0.14063
0.13997
0.35976
0.14006
0.14008
0.14069
0.70793
0.61421
0.83061
0.14537
0.14214
0.61247
0.13607
0.61543
0.35851
0.14436
0.14431
0.1396
0.14184
0.14271
0.3551
0.14141
0.32314
0.14406
0.14388
0.14314
0.36334
0.14232
0.14186
0.14895
0.14869
0.14111
0.36093
0.14211
0.14823
0.14191
0.1421
0.13531
0.36665
0.14294
0.14294
0.14338
0.14426
0.14426
0.3623
0.1456
0.14348
0.14444
0.14592
0.14368
0.36186
0.14377
0.14395
0.14406
0.14471
0.14446
0.36166
0.14389
0.1448
0.14518
0.14513
0.1451
0.36263
0.14434
0.13858
0.14449
0.14565
0.14465
0.36248
0.14424
0.14494
0.1429
0.14496
0.14491
0.36107
0.61558
0.58308
0.58442
0.57511
0.62402
0.56883
0.57819
0.8166
0.57763
0.58153
0.57896
0.56981
0.58494
0.58764
0.59403
0.61226
0.81711
0.60268
0.60923
0.60369
0.61125
0.58495
0.62045
0.59101
0.60676
0.61862
0.58977
0.58471
0.59185
0.35161
0.14063
NaN
NaN
NaN
NaN
309.43
0.73935
0.28119
0.14833
0.14694
0.14776
0.84665
0.14302
0.14384
0.1547
0.13968
0.14269
0.36712
0.13734
0.14432
0.14395
0.14231
0.63773
0.55201
0.5493
0.54868
0.54671
0.54676
0.54658
0.55321
0.53435
NaN
NaN
NaN
NaN
309.61
0.73313
0.28054
0.14502
0.14314
0.14508
0.84029
0.14341
0.14273
0.14624
0.142
0.14215
0.36741
0.14148
0.142
0.14543
0.14402
0.1439
0.8251
0.54058
0.54304
0.53456
0.53993
0.53124
0.52961
0.52912
0.53104
0.52661
0.52739
0.52643
0.53052
0.50813
0.50567
0.50787
0.50545
0.50601
0.50559
0.50378
0.50921
0.50557
0.50077
0.50984
0.50894
0.50715
0.5072
0.50659
0.50818
0.52358
0.50674
0.50518
0.50841
0.54447
0.50315
0.50251
0.50066
0.50276
0.50155
0.50211
0.52653
0.52734
0.52151
0.53036
0.75605
0.1421
0.53493
0.53535
0.50417
0.50401
0.50811
0.50781
0.71585
0.50709
0.5041
0.51023
0.50041
0.51081
0.50069
0.50873
NaN
NaN
NaN
NaN
306.56
0.7637
0.29752
0.16985
0.16016
0.16174
0.85874
0.16044
0.15966
0.1612
0.16112
0.15821
0.38722
0.15916
0.1601
0.15857
0.15876
0.16198
0.38456
0.15877
0.15888
0.15251
0.16213
0.15855
0.38314
0.15952
0.15871
0.15902
0.15776
0.15948
0.38154
0.15898
0.16033
0.15973
0.15783
0.15825
0.38017
0.16053
0.15906
0.15911
0.15922
0.16015
0.38141
0.1567
0.15848
0.15945
0.15951
0.15215
0.38435
0.15963
0.33986
0.16146
0.16398
0.1612
0.38572
0.16228
0.1615
0.16315
0.16137
0.16229
0.38657
0.16503
1.0754
0.94338
0.9408
0.90871
0.96377
0.87985
0.83931
1.0231
0.1514
0.16043
0.16201
0.16171
NaN
NaN
NaN
NaN
310.26
0.73584
0.28262
0.1441
0.14439
0.1454
0.84012
0.14219
0.14299
0.14932
0.14128
0.1429
0.36533
0.14229
0.14361
0.14642
0.14152
0.1413
0.36219
0.14089
0.14216
0.14302
0.14354
0.13653
0.36359
0.14348
0.14447
0.14568
0.14248
0.14289
0.36334
0.1423
0.14273
0.14358
0.14135
0.14422
0.35989
0.14139
0.14227
0.14062
0.14122
0.14257
0.35949
0.14165
0.14272
0.14095
0.14057
0.14295
0.35899
0.14196
0.31922
0.14591
0.14388
0.14328
0.36674
0.14319
0.14084
0.14358
0.1434
0.14174
0.36692
0.14377
0.14426
0.14896
0.14301
0.14524
0.36246
0.14253
0.14159
0.14346
0.14998
0.14245
0.36034
0.14378
0.14107
0.1427
0.1424
0.14233
0.3595
0.13543
0.14214
0.14223
0.14323
0.14266
0.36196
0.14139
0.1426
0.14512
0.14126
0.14275
0.36122
0.1409
0.14268
0.14628
0.1413
0.14225
0.36071
0.14289
0.14604
0.14171
0.14348
0.14344
0.35977
0.63081
0.52151
0.54208
0.54539
0.60395
0.54018
0.53857
0.53841
0.53671
0.53528
0.53911
0.53623
0.53651
0.54345
0.55191
0.14073
0.14416
0.73916
0.14165
0.54346
0.55508
0.55682
0.54486
0.54702
0.55423
0.56009
0.54227
0.53466
0.76866
0.54324
0.51779
0.5325
0.53586
0.14101
0.54549
0.36309
0.14247
0.14464
0.14136
0.54105
0.54235
0.36275
0.14305
0.14211
