308.25
0.74656
0.28135
0.14606
0.14333
0.14081
0.83469
0.14107
0.14161
0.14083
0.14114
0.14193
0.36541
0.14038
0.14264
0.1417
0.14077
0.14045
0.35594
0.13937
0.14212
0.3534
0.26824
0.28162
0.26691
0.26845
0.49181
0.13979
0.13984
0.26194
0.26052
0.14069
0.13944
0.13881
0.35819
0.13801
0.13639
0.13841
0.13591
0.1378
0.35403
0.13588
0.13716
0.13972
0.13655
0.14305
0.35417
0.13
0.13762
0.13581
0.13639
0.13724
0.35261
0.13675
0.31403
0.14077
0.14289
0.13921
0.35601
0.14022
0.13851
0.14463
0.13976
0.13909
0.35655
0.13731
0.13972
0.14301
0.14099
0.14089
0.3553
0.14065
0.14151
0.14159
0.14042
0.14607
0.34483
0.1377
0.13983
0.13919
0.13949
0.13862
0.35268
0.13876
0.14112
0.13746
0.13867
0.13844
0.35283
0.13832
0.1392
0.13865
0.13875
0.136
0.35578
0.13888
0.14381
0.13863
0.13833
0.13917
0.35279
0.14123
0.14022
0.13911
0.13759
0.13232
0.35185
0.14375
0.13774
0.13761
0.13843
0.13937
0.35081
0.14442
0.14064
0.13732
0.13996
0.13812
0.35397
0.14131
0.1413
0.13988
0.14232
0.14195
0.35629
0.1391
0.13921
0.1381
0.14207
0.13825
0.35537
0.13937
0.14035
0.13432
0.14016
0.13851
0.36002
0.14058
0.13948
0.14039
0.1416
0.13941
0.3569
0.14009
0.1407
0.14079
0.13979
0.14081
0.3589
0.13926
0.14197
0.14189
0.1395
0.13988
0.35815
0.13913
0.13923
0.13925
0.14007
0.14263
0.35534
0.13159
0.13889
0.13909
0.14078
0.14059
0.35614
0.13919
0.14033
0.1395
0.14261
0.14042
0.35602
0.14027
0.14011
0.13987
0.14066
0.13864
0.35444
0.14169
0.13947
0.14014
0.13999
0.14019
0.3569
0.13877
0.13551
0.13893
0.13905
0.13729
0.35122
0.13145
0.13963
0.13965
0.13969
0.13922
0.34915
0.13755
0.14013
0.13802
0.13969
0.13997
0.35118
0.13916
0.14284
0.13988
0.13842
0.14186
0.34878
0.13954
0.14025
0.13875
0.14045
0.14055
0.34719
0.14154
0.13985
0.13935
0.14037
0.14041
0.34772
0.13468
0.13824
0.13924
0.14113
0.13933
0.35172
0.14002
0.13893
0.13924
0.13921
0.13864
0.3513
0.13816
0.13959
0.14056
0.14051
0.14066
0.35021
0.13786
0.13997
0.14177
0.13904
0.13982
0.35062
0.1399
0.14073
0.13999
0.13914
0.1399
0.34956
0.13363
0.14112
0.13859
0.13928
0.14074
0.35038
0.13995
0.14066
0.13938
0.14194
0.13819
0.34918
0.14067
0.13844
0.1405
0.14016
0.14105
0.3514
0.14217
0.13874
0.13926
0.14005
0.13779
0.34807
0.14207
0.13834
0.14068
0.14041
0.14078
0.35116
0.13452
0.13962
0.14091
0.14198
0.1397
0.35332
0.1386
0.13997
0.14064
0.13958
0.1408
0.35194
0.13723
0.1394
0.13954
0.14036
0.13899
0.34928
0.13919
0.13816
0.14042
0.14103
0.13998
0.35146
0.13983
0.13928
0.13998
0.14057
0.13928
0.35158
0.13412
0.14075
0.14099
0.14061
0.13922
0.35195
0.13989
0.14102
0.14049
0.13966
0.14021
0.35177
0.14001
0.14056
0.14171
0.13963
0.14044
0.35098
0.14047
0.14069
0.13936
0.13968
0.14136
0.35082
0.14092
0.13979
0.14002
0.13954
0.14146
0.35228
0.13284
0.14104
0.14056
0.14172
0.14069
0.34776
0.13865
0.1404
0.13893
0.14063
0.14151
0.34843
0.13945
0.13839
0.14069
0.14043
0.13847
0.35128
0.14014
0.13948
0.13984
0.1397
0.1389
0.35014
0.13804
0.14087
0.14109
0.13854
0.14029
0.34896
0.13133
0.14047
0.14068
0.13865
0.1394
0.35238
0.13803
0.14005
0.14011
0.13956
0.14114
0.34931
0.14057
0.14089
0.14165
0.13909
0.14088
0.347
0.1412
0.1434
0.13994
0.14252
0.13847
0.34829
0.14034
0.14
0.13979
0.14082
0.14006
0.35067
0.13478
0.13947
0.14021
0.14183
0.1399
0.35143
0.14052
0.14064
0.14044
0.14058
0.14023
0.35121
0.14138
0.13922
0.14211
0.15398
0.1386
0.35116
0.1408
0.14175
0.14073
0.13969
0.14036
0.34942
0.13969
0.14047
0.13952
0.13798
0.1402
0.34951
0.13987
0.14023
0.14124
0.13867
0.1415
0.35224
0.14154
0.14008
0.13891
0.13926
0.14226
0.35049
0.1412
0.14066
0.14028
0.14181
0.14111
0.35062
0.14069
0.14179
0.14083
0.14069
0.14173
0.35222
0.13963
0.14144
0.13935
0.14125
0.14203
0.35251
0.1335
0.14144
0.14165
0.14163
0.13996
0.35152
0.14151
0.14003
0.14185
0.1416
0.14086
0.3519
0.14157
0.141
0.14216
0.14201
0.1388
0.353
0.14075
0.14254
0.14207
0.14023
0.1425
0.35244
0.14126
0.14241
0.1419
0.14104
0.14206
0.3504
0.13359
0.14156
0.14073
0.14058
0.14369
0.35484
0.14016
0.14165
0.13999
0.14461
0.14203
0.35089
0.14122
0.14237
0.14054
0.14284
0.14222
0.35239
0.14084
0.14108
0.1431
0.14386
0.14155
0.35096
0.14362
0.14159
0.14313
0.14165
0.14157
0.35096
0.14077
0.14145
0.14134
0.1429
0.13974
0.35406
0.14045
0.14099
0.14335
0.1409
0.47514
0.48228
0.70461
0.14183
0.14328
0.14256
0.14228
0.14189
0.35318
0.14364
0.14138
0.47378
0.48081
0.14234
0.14378
0.35393
0.1425
0.14278
0.14194
0.14452
0.14287
0.35133
0.1401
0.14273
0.14337
0.14483
0.14359
0.35284
0.14108
0.14298
0.1434
0.14226
0.14258
0.35411
0.14229
0.14169
0.14356
0.14402
0.14109
0.34797
0.14579
0.14473
0.57224
0.14489
0.14467
0.3551
0.14292
0.14487
0.14249
0.14548
0.14346
0.34969
0.14316
0.14105
0.1401
0.14863
0.14364
0.35058
0.14444
0.14336
0.14354
0.14485
0.14149
0.35619
0.13754
0.1425
0.14315
0.14557
0.14334
0.35694
0.14391
0.1432
0.14371
0.14278
0.13919
0.3514
0.14078
0.14066
0.14488
0.14325
0.14065
0.35401
0.14372
0.14553
0.14273
0.14202
0.14066
0.35397
0.14115
0.14744
0.14253
0.14291
0.14339
0.35846
0.14205
0.14182
0.14216
0.1431
0.14296
0.35587
0.14463
0.14349
0.14398
0.14406
0.1428
0.35691
0.14432
0.1431
0.1435
0.79344
0.77685
0.14406
0.35439
0.13717
0.14255
0.14387
0.14747
0.14325
0.35574
0.14314
0.14239
0.14622
0.14362
0.14165
0.35554
0.14267
0.14251
0.14501
0.14525
0.14351
0.35753
0.14167
0.14258
0.14485
0.14465
0.14445
0.35575
0.14349
0.14475
0.14406
0.14396
