309.92
0.74198
0.27679
0.14654
0.14374
0.1445
0.83138
0.14073
0.1464
0.14087
0.14022
0.13931
0.36359
0.1397
0.13884
0.13834
0.13991
0.13801
0.36044
0.14518
0.13964
0.13769
0.13945
0.13842
0.35858
0.14167
0.13983
0.13996
0.13852
0.1397
0.3582
0.13935
0.13904
0.13946
0.13806
0.14325
0.35868
0.1388
0.13863
0.13942
0.13931
0.1404
0.35387
0.13678
0.13706
0.1389
0.13818
0.13783
0.35137
0.13633
0.30721
0.14
0.13906
0.13927
0.35158
0.13977
0.14173
0.14005
0.1408
0.68421
0.79526
0.57222
0.56218
0.57844
0.56468
0.56705
0.78405
0.57705
0.57905
0.57694
0.58535
0.59086
0.80052
0.58437
0.58835
0.58108
0.58113
0.59794
0.80634
0.58929
0.58923
0.59275
0.60486
0.63506
0.80823
0.59793
0.60598
0.61394
0.60655
0.61156
0.82762
0.61792
0.63297
0.63437
0.6313
0.62989
0.84272
0.62679
0.62593
0.63713
0.64057
0.64609
0.86654
0.66499
0.66517
0.66428
0.66263
0.68447
0.89664
0.69046
0.69213
0.68338
0.67487
0.67011
0.86403
0.67309
0.68329
0.67895
0.66402
0.6694
0.88846
0.66186
0.65491
0.66373
0.67162
0.66569
0.8807
0.66813
0.66927
0.67734
0.67571
0.659
0.87525
0.67251
0.67948
0.6728
0.67239
0.68137
0.88547
0.67356
0.68096
0.73392
0.6664
0.67605
0.87771
0.67244
0.67991
0.66758
0.66401
0.67678
0.88618
0.66858
0.66214
0.65869
0.66693
0.67408
0.8803
0.65455
0.66492
0.65525
0.64656
0.65665
0.87689
0.65893
0.65252
0.63551
0.65188
0.66698
0.85649
0.64227
0.65213
0.64808
0.64756
0.64818
0.86906
0.65078
0.65001
0.64915
0.6465
0.64376
0.86696
0.65923
0.64449
0.64802
0.63704
0.63494
0.84523
0.63536
0.63458
0.62022
0.62986
0.62563
0.83318
0.62976
0.6201
0.62089
0.61715
0.61133
0.83201
0.6216
0.61587
0.61903
0.61238
0.61355
0.82363
0.60096
0.61177
0.60545
0.60925
0.61445
0.82156
0.59674
