306.99
0.73392
0.27766
0.43427
0.36034
0.35373
0.41223
0.35334
1.0656
0.33603
0.33054
0.3416
0.3514
0.35335
0.33129
0.33016
0.32826
0.32965
0.34273
0.35875
0.33661
0.13948
0.13829
0.14114
0.33192
0.35324
0.32781
0.33296
0.13362
0.32659
0.32767
0.14012
0.56508
0.32938
0.13749
0.3297
0.13803
0.13777
0.35074
0.13973
0.13798
0.13895
0.31665
0.31988
0.35668
0.13984
0.14049
0.14105
0.13817
0.32694
0.35701
0.13937
0.13971
0.13805
0.13914
0.13904
0.35679
0.1398
0.31917
0.14042
0.14272
0.14113
0.35896
0.14117
0.14068
0.14145
0.14164
0.1408
0.35595
0.14259
0.14
0.14139
0.14192
0.14132
0.35613
0.14285
0.14067
0.13514
0.14034
0.13621
0.35277
0.13786
0.1396
0.14004
0.14017
0.14018
0.35654
0.13774
0.14021
0.13895
0.1385
0.13858
0.34973
0.1391
0.13936
0.1402
0.13703
0.13736
0.34913
0.137
0.13711
0.14342
0.13737
0.13537
0.3507
0.13689
0.13352
0.13952
0.1384
0.13698
0.34967
0.13668
0.13766
0.13983
0.1341
0.13563
0.3475
0.13518
0.13928
0.13801
0.13606
0.13716
0.35033
0.13745
0.1388
0.13457
0.13697
0.13745
0.34868
0.13729
0.14074
0.13561
0.13598
0.13744
0.27499
0.34744
0.13533
0.13564
0.13585
0.13531
0.13502
0.35074
0.13459
0.13604
0.13774
0.1341
0.1347
0.34763
0.13246
0.13453
0.13485
0.13483
0.13638
0.34937
0.13494
0.13607
0.13324
0.13529
0.13569
0.34928
0.1351
0.13656
0.13434
0.84375
0.94427
0.87671
0.68039
0.66107
0.7491
0.88334
0.59772
0.13669
0.35488
0.13672
0.13761
0.13628
0.13635
0.1389
0.35561
0.1383
0.13771
0.13564
0.13818
0.13578
0.35804
0.13857
0.13748
0.13618
0.13864
0.1356
0.35785
0.13693
0.13437
0.13674
0.1386
0.13836
0.3596
0.13318
0.13811
0.1388
0.13809
0.13733
0.35657
0.13806
0.13816
0.14033
0.13825
0.13726
0.35791
0.13665
0.13892
0.13936
0.13749
0.13814
0.35969
0.13768
0.13863
0.14033
0.13947
0.1373
0.35693
0.13891
0.13907
0.13773
0.13899
0.13649
0.35443
0.131
0.13698
0.13831
0.13733
0.13795
0.35496
0.13952
0.13745
0.13866
0.13863
0.14012
0.35505
0.139
0.13834
0.1385
0.13983
0.13839
0.35136
0.13819
0.13618
0.13707
0.1397
0.13896
0.35536
0.14009
0.13795
0.1405
0.14137
0.13641
0.35656
0.13093
0.13756
0.13975
0.13825
0.13838
0.35677
0.13864
0.13699
0.13977
0.13716
0.13658
0.35599
0.1366
0.13816
0.14148
0.13784
0.13938
0.35722
0.71657
1.1662
0.80135
0.61443
0.60836
