310.27
0.78422
0.33337
0.19441
0.19558
0.19093
0.87795
0.18906
0.18785
0.19069
0.18969
0.19176
0.41526
0.80423
0.66025
0.64208
0.61366
0.58559
0.80347
0.59084
0.60023
0.60416
0.62373
0.62549
0.83655
0.60689
0.60682
0.61708
0.63001
0.63206
0.84184
0.61913
0.62634
0.64059
0.66832
0.67033
0.88223
0.64651
0.64942
0.64368
0.69322
0.69266
0.96603
0.8301
0.83438
0.82299
0.18936
0.19012
2.1203
0.19306
0.87847
0.66766
0.70314
0.77813
1.0736
1.9302
1.2739
1.2338
1.2737
1.274
1.2745
1.2662
1.2284
1.2453
1.4602
1.2679
1.2616
1.2733
1.1998
1.1788
1.1826
1.1793
1.1856
0.18335
0.18307
0.18189
0.39778
0.18051
0.18115
1.0828
1.1043
0.18149
0.39722
0.17556
0.72736
0.66991
0.65866
0.73516
1.0439
0.8235
1.5501
0.17952
0.17934
0.1801
1.131
0.18299
0.93244
0.89586
0.7535
0.69033
0.68463
0.96518
0.81978
0.80917
0.77605
0.17509
0.17537
1.0277
0.77892
0.79119
0.79287
0.7934
0.79876
0.80379
0.84812
0.84754
0.19225
0.18685
0.42785
0.18354
0.1859
0.19265
0.18321
0.18485
0.43126
0.18252
0.18131
0.18432
0.18348
0.1899
0.43474
0.18374
0.18317
0.18617
0.18231
0.18647
0.426
0.18274
0.19099
0.17712
0.17671
0.17953
0.40416
0.17864
0.17843
0.17976
0.17746
0.1783
0.40417
0.17779
0.17945
0.17822
0.17727
0.17724
0.40256
0.1763
0.17906
0.18016
0.17959
0.17685
0.40423
0.18084
0.18204
0.17979
0.17994
0.17771
0.40777
0.1769
0.17903
0.17801
0.17715
0.17571
0.40222
0.17541
0.17701
