309.14
0.71858
0.2787
0.13972
0.14279
0.13975
1.043
0.27568
0.27668
0.33537
0.27741
0.27439
0.28107
0.28809
0.28846
0.50943
0.13154
0.13774
0.13767
0.13851
0.14042
0.34958
0.14049
0.14713
0.13799
0.30491
0.1367
0.54149
0.13861
0.1383
0.13695
0.13785
0.13912
0.34636
0.13888
0.13961
0.13691
0.13769
0.28535
0.35044
0.13715
0.29835
0.13022
0.14082
0.14163
0.35442
0.14028
0.14014
0.1385
0.1399
0.14046
0.35205
0.14093
0.31492
0.14273
0.13991
0.30251
0.35231
0.13989
0.14068
0.13916
0.14108
0.14611
0.35102
0.14098
0.14102
0.31982
0.14262
0.29254
0.35535
0.15168
0.15549
0.14011
0.14755
0.14928
0.3701
0.14945
0.14618
0.14435
0.14736
0.15066
0.38194
0.14014
0.14783
0.14844
0.14165
0.15002
0.37612
0.13867
0.15091
0.1484
0.14404
0.14993
0.37609
0.13284
0.15008
0.14595
0.14119
0.15036
0.37221
0.14933
0.14431
0.14943
0.14198
0.14149
0.34969
0.14013
0.13997
0.13807
0.14126
0.14062
0.3473
0.14035
0.13925
0.13731
0.14135
0.13731
0.34971
0.13944
0.1396
0.14176
0.14442
0.14097
0.35577
0.13642
0.71755
0.14471
0.14296
0.14361
0.82869
0.14074
0.14168
0.605
0.61169
0.61671
0.82603
0.61
0.61659
0.61054
0.61875
0.61799
0.83158
0.6274
0.61309
0.59687
0.60483
0.60315
0.81595
0.6037
0.14298
0.60445
0.14179
0.60705
0.35454
0.13685
0.14279
0.14464
0.14386
0.14394
0.35517
0.14449
0.14401
0.14339
0.14268
0.14337
0.35469
0.14203
0.14322
0.14432
0.14545
0.14314
0.35537
0.14479
0.14341
0.14429
0.14405
0.14377
0.35968
0.14491
0.14411
0.14685
0.14436
0.14349
0.35273
0.14507
0.14413
0.14526
0.14499
0.14375
0.36023
0.14546
0.14577
0.14578
0.14659
0.14445
0.35811
0.14438
0.14537
0.1449
0.14542
0.14491
0.35672
0.14425
0.14509
0.14601
0.14636
0.14561
0.35917
0.14494
0.14625
0.14672
0.13883
0.14741
0.36065
0.14711
0.14646
0.74306
0.1463
0.77769
0.36348
0.14665
0.83238
0.81559
0.82583
0.81601
0.87603
0.85264
0.85391
0.85368
1.081
0.14672
0.14923
0.15018
0.15084
0.14897
0.37207
0.1486
0.14955
0.92833
0.92748
0.96466
0.38761
0.15066
0.14973
0.15116
0.14552
0.15163
0.37575
0.151
0.15368
0.15285
1.1168
1.1765
1.1847
1.1778
1.1784
1.1778
1.1852
1.2247
1.2264
0.37615
