339.67
0.91157
0.43483
0.30002
0.29821
0.29945
0.99255
0.29003
0.29664
0.29739
0.2942
0.29711
0.5225
0.29585
0.29657
0.29649
0.29546
0.29546
0.51984
0.29515
0.28999
0.29435
0.29391
0.28651
0.51467
0.29569
0.29437
0.29514
0.28909
0.2854
0.51224
0.2917
0.28814
0.2912
0.2873
0.28505
0.51196
0.2888
0.27529
0.29005
0.28954
0.28291
0.50618
0.28972
0.28829
0.28993
0.28902
0.28966
0.50923
0.29482
0.46396
0.28344
0.28949
0.29074
0.5043
0.29308
0.28803
0.28628
0.29437
0.29021
0.5058
0.2954
0.28714
0.28697
0.2879
0.29174
0.51312
0.29507
0.28945
0.28243
0.28785
0.29561
0.50692
0.28977
0.2899
0.2878
0.28927
0.28546
0.50054
0.28629
0.28419
0.27874
0.27759
0.28216
0.49801
0.27128
0.28153
0.28067
0.28087
0.28503
0.50713
0.27613
0.28308
0.28092
0.2774
0.28303
0.49926
0.28381
0.28135
0.28113
0.27935
0.27579
0.5014
0.27844
0.27963
0.28192
0.28393
0.27631
0.49959
0.28487
0.28372
0.27635
0.28461
0.27675
0.49639
0.27805
0.27587
0.2751
0.26844
0.27915
0.49513
0.27389
0.27661
0.27848
0.27702
0.28225
0.49791
0.28327
0.28692
0.2757
0.27548
0.2781
0.49715
0.27583
0.2714
0.27946
0.27424
0.27633
0.49778
0.27447
0.27287
0.27526
0.27639
0.27548
0.50315
0.28267
0.27468
0.27982
0.28273
0.27555
0.49595
0.26854
0.27456
0.27402
0.28017
0.27802
0.49447
0.28764
0.2816
0.27995
0.27189
0.27671
0.49811
0.28003
0.28642
0.27798
0.28449
0.28496
0.4893
0.28292
0.27926
0.27772
0.28418
0.28488
0.49715
0.28064
0.28392
0.28456
0.27563
0.28189
0.49691
0.27655
0.28117
0.28427
0.27177
0.27718
0.50136
0.27348
0.27697
0.27233
0.27746
0.27881
0.49968
0.27814
0.27332
0.28016
0.27971
0.28185
0.50421
0.28022
0.27947
0.27917
0.27862
0.27285
0.49308
0.27643
0.26956
0.27189
0.27204
0.27724
0.49381
0.27638
0.2761
0.28132
0.27121
0.27367
0.49135
0.266
0.27537
0.27028
0.26864
0.26793
0.48882
0.27123
0.27758
0.26958
0.27211
0.26857
0.48581
0.26948
0.2743
0.27302
0.27296
0.27039
0.48465
0.28275
0.27816
0.27161
0.28145
0.27188
0.496
0.27406
0.27882
0.27396
0.27293
0.27849
0.49864
0.27918
0.27235
0.27139
0.2717
0.27569
0.50045
0.2795
0.27985
0.27695
0.27686
0.28023
0.49155
0.28114
0.28265
0.28303
0.27368
0.27995
0.5003
0.27819
0.27583
0.28185
0.28075
0.28127
0.50073
0.28169
0.27999
0.28069
0.28273
0.28081
0.50448
0.28309
0.28047
0.28018
0.27596
0.2813
0.4959
0.28168
0.28328
0.28108
0.28131
0.2846
0.49629
0.27579
0.27605
0.27333
0.28005
0.2799
0.49801
0.2791
0.28248
0.27663
0.28133
0.28042
0.48687
0.27342
0.2725
0.27429
0.27288
0.27168
0.49357
0.2819
0.28056
0.27395
0.27309
0.27487
0.49306
0.27467
0.27399
0.28062
0.27372
0.27681
0.49451
0.2727
0.27437
0.27564
0.27547
0.27604
0.49672
0.27589
0.27555
0.27531
0.27472
0.27672
0.49415
0.2749
0.26993
