305.09
0.78328
0.32117
0.18218
0.1791
0.17797
0.86739
0.17711
0.17482
0.17582
0.17732
0.17541
0.40206
0.17464
0.17625
0.174
0.17314
0.17628
0.39736
0.16798
0.17457
0.1758
0.17594
0.17365
0.39621
0.17244
0.17515
0.17364
0.17626
0.17833
0.39602
0.17525
0.17644
0.1788
0.17629
0.17649
0.39327
0.17267
0.17437
0.17488
0.17313
0.17236
0.39624
0.16661
0.17435
0.17312
0.17176
0.17364
0.39379
0.17427
0.35058
0.17598
0.1767
0.17681
0.39531
0.17556
0.17875
0.81511
0.74079
0.7121
0.74098
0.70054
0.70512
0.71444
0.96114
0.17163
0.81827
0.78383
0.75192
0.77462
0.78092
0.75328
0.9712
0.76233
0.76644
0.17521
0.17516
0.17256
0.38479
0.17069
0.8049
0.79344
0.80459
0.80361
0.84588
0.88322
1.1582
0.91704
0.8834
0.84125
0.80139
0.16608
0.39357
0.17595
0.17452
0.17398
0.17467
0.17575
0.39469
0.1751
0.17503
0.17445
0.17388
1.4554
1.5174
0.17193
0.1725
0.17389
0.17194
0.17657
0.4063
0.17293
0.17128
0.17183
0.17607
0.17374
0.38616
0.1712
0.1726
0.79666
0.16985
0.17253
0.38829
0.17434
0.17576
0.17517
0.17098
0.16514
0.38874
0.17474
0.17486
0.17294
0.17984
0.17282
0.38686
0.17146
0.17098
0.17224
0.17305
0.17208
0.38963
0.17246
0.17193
0.17205
0.17305
0.17231
0.3883
0.17314
0.64362
0.16774
0.17288
0.17008
0.38816
0.17184
