310.94
0.73569
0.27962
0.14393
0.14454
0.14931
0.83792
0.14745
0.142
0.14327
0.14516
0.14185
0.36811
0.75145
0.63872
0.63971
0.13784
0.14405
0.36187
0.14268
0.14402
0.14223
0.64399
0.64489
0.85597
0.64742
0.65403
0.14352
0.14445
0.14243
0.36574
0.13658
0.1425
0.1434
0.14419
0.14156
0.36375
0.14263
0.14189
0.144
0.14372
0.14216
0.36312
0.14242
0.14108
0.14477
0.14325
0.14291
0.36493
0.1429
0.32265
0.14659
0.14671
0.14499
0.36585
0.14441
0.14345
0.1458
0.14771
0.1377
0.36612
0.14532
0.14396
0.15149
0.14657
0.14419
0.36634
0.14477
0.1452
0.14474
0.14553
0.14335
0.36354
0.14592
0.14563
0.14551
0.14561
0.14465
0.36468
0.14585
0.1435
0.14418
0.14557
0.14294
0.36655
0.14731
0.13789
0.14505
0.14753
0.14389
0.36725
0.14407
0.14361
0.14522
0.1453
0.14467
0.36553
0.14552
0.14551
0.14408
0.14587
0.14567
0.36438
0.14441
0.14594
0.14294
0.14405
0.14483
0.3619
0.14693
0.14406
0.14489
0.1442
0.14519
0.36176
0.13983
0.14376
0.14373
0.14676
0.14596
0.36494
0.14673
0.14697
0.14504
0.14662
0.1461
0.36432
0.14563
0.14429
0.14639
0.14546
0.14607
0.3632
0.14654
0.14691
0.14347
0.14647
0.14524
0.36304
0.14601
0.6248
0.58851
0.58767
0.60634
0.86246
0.64715
0.14563
0.14735
0.61261
0.59232
0.80175
0.599
0.64312
0.65207
0.14611
0.146
0.3668
0.1467
0.14613
0.14654
0.1462
0.523
0.42817
0.42463
0.42323
0.41981
0.44903
0.41741
0.41513
0.41539
0.41761
0.41711
0.41828
0.41655
0.4212
0.41563
0.35289
