306.66
0.75977
0.28844
0.1578
0.1541
0.15325
0.83082
0.15364
0.15565
0.15444
0.1547
0.15557
0.36964
0.15393
0.15616
0.15515
0.15499
0.15513
0.36658
0.15269
0.15388
0.15348
0.15381
0.1538
0.36543
0.15141
0.15394
0.15693
0.15419
0.15319
0.36418
0.15372
0.15451
0.15333
0.15455
0.15531
0.36343
0.15481
0.15441
0.15294
0.15348
0.15411
0.36368
0.1547
0.15482
0.15367
0.15386
0.15385
0.3655
0.14569
0.33114
0.15674
0.15454
0.15645
0.36699
0.155
0.1547
0.15455
0.15747
0.15912
0.36463
0.15514
0.15488
0.15545
0.15734
0.15316
0.36098
0.15354
0.15486
0.15498
0.15397
0.15489
0.36368
0.15234
0.15677
0.14722
0.15292
0.15304
0.3619
0.15355
0.15194
0.15266
0.15334
0.15132
0.36421
0.15415
0.15375
0.15229
0.15355
0.15338
0.36233
0.15184
0.15458
0.15184
0.1523
0.15462
0.36396
0.15289
0.15407
0.15335
0.15301
0.15252
0.36743
0.14455
0.15063
0.15206
0.14966
0.15842
0.36307
0.15023
0.15194
0.15309
0.15652
0.15128
0.36236
0.1526
0.15174
0.15146
0.15985
0.15359
0.36152
0.15299
0.15107
0.15158
0.15363
0.15191
0.36045
0.15224
0.15223
0.1521
0.15413
0.78317
0.873
0.66441
0.65734
0.6613
0.67469
0.68636
0.8915
0.67131
0.66712
0.65496
0.65485
0.15407
0.36459
0.65765
0.66662
0.66259
0.67219
0.67026
0.87578
0.66516
0.66573
0.66321
0.66355
0.66189
0.36397
0.1526
0.68078
0.66483
0.67184
0.66908
0.87494
0.66895
0.66549
0.67013
0.67849
0.66823
0.86913
0.66181
0.1536
0.65781
0.66858
0.67713
0.88012
0.65466
0.64453
0.65797
0.66628
0.67605
0.86969
0.65733
0.67636
0.15571
0.67291
0.66939
0.88008
0.65942
0.67569
0.67569
0.67075
0.67324
0.87857
0.66189
0.67043
0.68255
0.14661
0.66406
0.87824
0.66769
0.66816
0.66032
0.67083
0.67748
0.87428
0.66762
0.66741
0.66892
0.67543
0.15515
0.88539
0.67877
0.68132
0.67055
0.67605
0.68629
0.91102
0.68304
0.67756
0.66434
0.65171
0.66906
0.36553
0.66842
0.67224
0.65987
0.66027
0.65136
0.86577
0.6717
0.6723
0.67753
0.67566
0.66953
0.90585
0.14463
0.15413
0.67639
0.68292
0.67487
0.8767
0.66347
0.67311
0.68044
0.65615
0.65639
0.87029
0.66846
0.15382
0.15192
0.66498
0.66235
0.87226
0.66261
0.67174
0.66536
0.65604
0.6553
0.87975
0.71389
0.66553
0.15707
0.15826
0.68847
0.89393
0.67908
0.67148
0.66441
0.67765
0.69657
0.89117
0.68232
0.67615
0.68612
0.68142
0.15443
0.88968
0.68433
0.68426
0.67843
0.66957
0.67376
0.87892
0.67839
0.68274
0.67531
0.6718
0.68251
0.36254
0.68
0.67421
0.66991
0.67177
0.67349
0.89316
0.6847
0.6762
0.66815
0.67174
0.66691
0.88834
0.15133
0.66352
0.67003
0.67541
0.67426
0.87436
0.6581
0.65077
0.65558
0.67934
0.68532
0.88803
0.67825
0.15279
0.66846
0.6727
0.66709
0.88624
0.67855
0.6734
0.67669
0.68044
0.68075
0.87753
0.66744
0.68945
0.15369
0.65246
0.6645
0.86894
0.66519
0.66158
0.66597
0.66989
0.67252
0.89512
0.66761
0.65429
0.65959
0.15385
0.15348
0.89356
0.68588
0.69293
0.68898
0.67889
0.68291
0.8907
0.66656
0.67075
0.66637
0.67247
0.15288
0.36203
0.66008
0.66775
0.6761
0.6653
0.67331
0.88171
0.66754
0.67088
0.66834
0.67182
0.68193
0.36387
0.15446
0.68549
0.68211
0.66881
0.6718
0.89283
0.68989
0.67735
0.67463
0.68173
0.66953
0.87785
0.66925
0.15383
0.68727
0.68595
0.65878
0.87722
0.6705
0.66425
0.65327
0.66735
0.67419
0.88184
0.68382
0.6915
0.1536
0.72664
0.73582
0.95607
0.71136
0.71449
0.67732
0.68169
0.6878
0.88791
0.6651
0.6806
0.6771
0.1547
0.66491
0.88066
0.66655
0.66565
0.66945
0.67233
0.66982
0.88088
0.67509
0.65894
0.65737
0.66329
0.15349
0.87918
0.67702
0.67776
0.67724
0.68341
0.68056
0.89474
0.68124
0.67102
0.66684
0.65279
0.66174
0.37675
0.65519
0.66199
0.66926
0.67335
0.66571
0.8688
0.64931
0.66304
0.6768
0.65993
0.65703
0.869
0.15142
0.15415
0.69169
0.68397
0.68898
0.88055
0.66721
0.69115
0.68296
0.66175
0.66822
0.88558
0.66992
0.1513
0.15169
0.66155
1.3483
1.2368
1.2248
1.229
0.88207
1.2321
1.2348
1.2325
1.256
1.2591
0.75335
0.74714
1.281
0.67009
0.86673
0.67159
0.67127
0.67271
0.67682
0.66457
0.87893
0.6593
0.66785
0.67655
0.15668
0.66291
0.86697
0.64905
0.65872
0.65877
0.65774
0.66319
0.87627
0.6761
0.65458
0.6513
0.66954
0.15489
0.88287
0.67416
0.65905
0.66393
0.66155
0.66857
0.88159
0.6545
0.66562
0.67173
0.66205
0.6749
0.37029
0.67719
0.68494
0.66758
0.66722
0.6784
0.88194
0.6591
0.65546
0.65424
0.65403
0.66466
0.88755
0.15685
0.65501
0.66381
0.66814
0.65499
0.87972
0.67928
0.67882
0.66253
0.66634
0.67721
0.88546
0.77409
0.15833
0.66435
0.66368
0.66211
0.88706
0.67701
0.6781
0.66727
0.66581
0.65929
0.8697
0.65239
0.6697
0.15588
0.6719
0.65461
0.88806
0.67049
0.66241
0.67175
0.68711
0.67565
0.88445
0.65792
0.64786
0.67128
0.15749
0.15853
0.90238
0.65593
0.66546
0.67066
0.65746
0.66536
0.87888
0.66329
0.67541
0.65692
0.66209
