320.02
0.86612
0.30597
0.16427
0.16118
0.15982
0.85572
0.16116
0.16137
0.16004
0.16038
0.42365
0.41204
0.15633
0.15801
0.15545
0.32101
0.31633
0.54086
0.15475
0.3329
0.33023
0.33486
0.15651
0.37676
0.15897
0.15997
0.15979
0.15959
0.16319
0.38537
0.16354
0.15722
0.15727
0.16079
0.15784
0.37588
0.15855
0.16375
0.16007
0.15291
0.16096
0.3777
0.16037
0.16024
0.16103
0.15878
0.1597
0.37631
0.16229
0.34003
0.16664
0.16217
0.16304
0.38
0.16532
0.16407
0.17785
0.16457
0.16103
0.3824
0.16142
0.16312
0.16002
0.16371
0.16149
0.38117
0.15943
0.16143
0.16082
0.16354
0.16169
0.37959
0.16651
0.16342
0.16333
0.16176
0.16273
0.37833
0.16128
0.16582
0.16268
0.1605
0.16766
0.38656
0.16738
0.16805
0.1685
0.16855
0.16655
0.38603
0.16575
0.16576
0.16254
0.16032
0.16082
0.38707
0.16618
0.16503
0.16399
0.1665
0.16683
0.38297
0.16507
0.16777
0.16671
0.16942
0.16863
0.53144
0.16617
0.16326
0.1622
0.16317
0.16421
0.38515
0.15731
0.16399
0.16663
0.16601
0.16527
0.38491
0.16629
0.17188
0.16748
0.16307
0.16239
0.3829
0.16314
0.16532
0.16495
0.16314
0.16412
0.38516
0.16721
0.16853
0.16507
0.1626
0.16463
0.38378
0.16584
0.1564
0.16618
0.17032
0.16809
0.38176
0.16222
0.16345
0.16525
0.16051
0.16151
0.38118
0.16576
0.16612
0.16699
0.16614
0.16554
0.38114
0.16478
0.16721
0.16699
0.16723
0.1666
0.38834
0.17641
0.17444
0.16839
0.17515
0.17361
0.39917
0.17584
0.17245
0.17298
0.17303
0.17302
0.39265
0.17317
0.1739
0.17157
0.17294
0.17285
0.39181
0.17066
0.17236
0.16677
0.16808
0.17222
0.38986
0.17412
0.17221
0.16754
0.17016
0.17059
0.39059
0.17396
0.17452
0.17302
0.16955
0.17272
0.38511
0.17064
0.17492
0.16827
0.16311
0.16508
0.37884
0.1705
0.16723
0.16979
0.16552
0.16922
0.3851
0.1677
0.16598
0.16823
0.16975
0.18215
0.3808
0.16502
0.17166
0.17268
0.17629
0.17265
0.3853
0.17499
0.17533
0.17421
0.17678
0.172
0.38281
0.17004
0.1688
0.16722
0.16886
0.16924
0.3808
0.16522
0.17192
0.17187
0.17523
0.17505
0.38605
0.17499
0.17625
0.17329
0.17617
0.17457
0.38839
0.17205
0.17099
0.17201
0.16951
0.1743
0.3862
0.17336
0.17232
0.1782
0.17661
0.17651
0.39056
0.17642
0.17416
0.16994
0.17302
0.16942
0.3859
0.17572
0.17239
0.1699
0.16961
0.17488
0.38709
0.17585
0.17593
0.17728
0.17453
0.17181
0.38272
0.16952
0.17028
0.17108
0.17331
0.17452
0.38284
0.17441
0.17711
0.34291
0.34387
0.3411
0.3366
0.33083
0.32734
0.55444
0.33119
0.33105
0.32944
0.32895
0.33335
0.33948
0.34289
0.33812
0.32856
NaN
NaN
NaN
NaN
316.01
0.82602
0.29757
0.16728
0.17235
NaN
NaN
NaN
