337.41
0.92705
0.4488
0.90434
0.77769
0.7783
1.485
0.31095
0.31235
0.31123
0.78936
0.30888
0.53799
0.30924
0.30993
0.30807
0.31342
0.30672
0.53493
0.30925
0.30753
0.30958
0.30761
0.30944
0.53436
0.30865
0.30922
0.31034
0.3108
0.30013
0.53464
0.30528
0.30695
0.30919
0.30733
0.30506
0.52912
0.30537
0.30371
0.30439
0.30472
0.30341
2.9641
0.30295
0.30532
0.30255
0.30299
0.30834
3.1091
0.30431
3.0661
2.8506
2.955
2.8677
3.1154
3.0621
2.9313
2.9264
2.9172
2.8631
3.0459
2.999
3.1125
3.0825
3.3557
0.31397
0.31325
0.31231
2.8254
0.84302
0.84105
0.5976
0.59054
0.59197
0.61002
0.60023
3.8465
3.5801
0.78662
0.31751
0.32509
3.0767
3.3185
3.0289
0.31869
0.31262
0.30822
0.31777
0.31593
0.54138
0.3139
0.30996
0.31501
0.3171
0.31536
0.54105
0.31777
0.31485
0.31453
0.31103
2.9979
0.85734
0.60924
0.60812
0.58823
0.58128
0.7255
1.0834
0.31684
0.32096
0.31401
0.31915
0.32196
0.55028
0.32092
0.31994
0.31448
0.31934
0.32024
0.55256
0.32322
0.32098
0.32038
0.32334
0.31922
0.54951
0.31896
0.32003
0.32028
0.32187
0.31978
0.54788
0.31617
0.32015
0.31789
0.32067
0.31983
0.55286
0.33023
0.31944
0.30857
0.31655
4.0358
4.2639
0.31713
0.32407
3.5309
3.5126
3.5037
3.7263
3.1763
3.4966
4.207
4.2951
4.5014
4.5072
0.89002
0.59581
0.59079
0.59067
0.63208
0.79732
1.1284
2.8072
0.32406
0.32098
0.31555
0.31888
0.55137
0.31962
4.0925
3.4003
3.1714
2.1121
0.31161
2.3399
0.3159
2.1668
2.1829
0.66909
0.61717
0.86331
2.6693
2.6081
2.6304
2.1761
2.0216
2.2019
2.4559
0.71599
0.63574
0.62325
0.86013
0.6165
0.59497
0.59021
0.6149
0.62935
0.8778
0.62475
0.61753
0.61966
0.63052
0.63541
0.88603
0.71567
0.93878
3.3745
3.5317
2.2359
2.315
2.4284
2.3149
2.3233
0.31803
2.1759
2.2009
2.1964
2.2085
2.1906
2.3199
2.2999
2.3025
2.3001
2.3838
2.3796
2.6151
2.4259
2.4246
0.74826
