309.9
0.72437
0.27868
0.14533
0.14251
0.14256
0.8223
0.14165
0.13985
0.14067
0.13909
0.14073
0.35493
0.13943
0.13865
0.13998
0.13781
0.13885
0.34847
0.13877
0.1398
0.13916
0.13999
0.13937
0.34462
0.13974
0.14013
0.13822
0.1413
0.13955
0.34956
0.14083
0.1388
0.13947
0.14066
0.13921
0.3502
0.14043
0.13758
0.14016
0.13935
0.13754
0.35417
0.14003
0.13868
0.14117
0.13956
0.13857
0.35358
0.13992
0.32504
0.13987
0.13879
0.13999
0.34982
0.13881
0.13974
0.14462
0.1402
0.14149
0.35028
0.1414
0.142
0.14028
0.14299
0.14251
0.3532
0.1418
0.14003
0.14261
0.14168
0.14063
0.35233
0.1413
0.14018
0.14252
0.14213
0.14113
0.35019
0.13424
0.14144
0.14172
0.14134
0.141
0.35053
0.1408
0.14357
0.14217
0.14232
0.14207
0.35208
0.14203
0.14347
0.14208
0.14205
0.14417
0.35288
0.14433
0.14284
0.1431
0.14195
0.14255
0.35015
0.14114
0.14105
0.14233
0.14201
0.14251
0.34961
0.13907
0.14308
0.14309
0.142
0.14259
0.35289
0.14379
0.14609
0.14218
0.14117
0.13963
0.35139
0.14098
0.14684
0.14285
0.14247
0.14256
0.34832
0.13976
0.14706
0.13846
0.14159
0.1402
0.35014
0.14649
0.14179
0.13911
0.14074
0.14023
0.34704
0.14185
0.13796
0.52267
0.45341
0.44479
0.44278
0.44235
0.44207
0.45252
0.44204
0.44568
0.44632
0.14367
0.14291
0.13895
0.35809
0.14575
0.14351
0.14361
0.14693
0.14471
0.35788
0.1425
0.14358
0.14359
0.14577
0.14399
0.35823
0.14391
0.14285
0.14294
0.14419
0.14266
0.35593
0.14178
0.14256
0.1441
0.14344
0.14178
0.35568
0.1433
0.14362
0.13633
0.14303
0.1425
0.35844
0.14461
0.14453
0.14441
0.14359
0.14324
0.35803
0.14286
0.14488
0.1437
0.14408
0.14111
0.36082
0.14165
0.14534
0.144
0.14337
0.14293
0.36056
0.1426
0.14211
0.14423
0.14383
0.144
0.36272
0.14047
0.14379
0.1456
0.14318
0.14177
0.36013
0.14275
0.14281
0.14261
0.14334
0.14052
0.35869
0.14243
0.14229
0.14247
0.14163
0.14142
0.35922
0.14234
0.13971
0.14191
0.14072
0.14141
0.36016
0.14007
0.14402
0.14516
0.14386
0.14359
0.35135
0.14186
0.141
0.14032
0.14291
0.14266
0.36295
0.1403
0.13956
0.14152
0.13825
0.14642
0.35653
0.13956
0.14013
0.14083
0.13922
0.14213
0.35786
0.14045
0.14355
0.14211
0.13801
0.14718
0.35428
0.13948
0.14032
0.14033
0.13519
0.14297
0.35686
0.14097
0.14168
0.14146
0.14126
0.14038
0.35452
0.13934
0.14218
0.13929
0.14351
0.14249
0.35669
0.14111
0.14242
0.14369
0.14226
0.142
0.35837
0.14065
0.14285
0.14103
0.14025
0.1408
0.35504
0.14151
0.13396
0.14364
0.14103
0.13948
0.35504
0.13894
0.14484
0.14195
0.14125
0.13935
0.35663
0.14045
0.14149
0.1414
0.13912
0.13987
0.35311
0.14079
0.14003
0.13929
0.13875
0.14092
0.3555
0.14616
0.13964
0.14118
0.13875
0.14004
0.35732
0.13499
0.13966
0.13922
0.13958
0.13942
0.35444
0.1398
0.14068
0.13991
0.14051
0.14083
0.35527
0.13911
0.14014
0.14046
0.14082
0.1403
0.35478
0.13806
0.14064
0.14131
0.14016
0.13986
0.35582
0.13945
0.14017
0.13859
0.14104
0.13908
0.35532
0.13987
0.14072
0.14109
0.14062
0.13789
0.35659
0.14015
0.13905
0.14028
0.14038
0.13998
0.35507
0.13991
0.13956
0.14041
0.13925
0.1413
0.35583
0.14041
0.14097
0.14054
0.13928
0.14068
0.35706
0.13966
0.1407
0.13925
0.14175
0.14143
0.3554
0.13402
0.14118
0.13903
0.14036
0.14348
0.35721
0.14087
0.14021
0.14292
0.14015
0.14163
0.35655
0.13969
0.13916
0.14006
0.14149
0.14053
0.3544
0.13942
0.13859
0.14029
0.14115
0.13906
0.35594
0.13889
0.13917
0.14075
0.14283
0.13939
0.35329
0.13285
0.13791
0.14012
0.1387
0.14187
0.35227
0.13908
0.13987
0.14125
0.13986
0.14012
0.35117
0.14077
0.13973
0.13957
0.14214
0.14115
0.35719
0.14025
0.14332
0.14132
0.14095
0.14163
0.35792
0.14153
0.14208
0.14244
0.14162
0.14113
0.35437
0.14122
0.14207
0.14161
0.14126
0.14317
0.35014
0.14197
0.14285
0.13881
0.13945
0.14132
0.34985
0.14062
0.14391
0.13905
0.14107
0.14184
0.3501
0.14444
0.14185
0.14095
0.1417
0.14085
0.3473
0.14384
0.13935
0.14055
0.14082
0.14046
0.35114
0.14154
0.14067
0.14083
0.14233
0.1393
0.35093
0.1399
0.13986
0.14151
0.14131
0.13997
0.35365
0.13879
0.14165
0.14397
0.14106
0.14169
0.35693
0.13996
0.14214
0.14215
0.14063
0.14073
0.35551
0.13968
0.14222
0.1413
0.14125
0.14271
0.35286
0.13599
0.14256
0.14061
0.14273
0.14391
0.35337
0.14293
0.14254
0.14086
0.14144
0.14302
0.35058
0.14103
0.14207
0.13967
0.14229
0.14623
0.35
0.14351
0.14045
0.13946
0.14117
0.142
0.35124
0.14025
0.14052
0.13974
0.14232
0.14123
0.34903
0.13462
0.13899
0.14022
0.14141
0.14021
0.35009
0.13954
0.14054
0.14274
0.14128
0.1412
0.3507
0.14033
0.14301
0.14328
0.14101
0.14096
0.3563
0.1429
0.1434
0.14231
0.14259
0.14304
0.35573
0.1451
0.14473
0.14582
0.4739
0.13773
0.36035
0.14375
0.14428
0.14246
0.14409
0.14256
0.35696
0.14366
0.14377
0.14332
0.14373
0.14624
0.70485
0.51689
0.15692
0.14761
0.14411
0.14538
0.36483
0.14593
0.14445
0.14536
0.14447
0.13775
0.36466
0.14604
0.14499
0.14468
0.14435
0.14421
0.36688
0.14511
0.14387
0.14318
0.14433
0.14453
0.36612
0.43623
0.42535
0.42452
0.43284
0.13862
0.43031
0.34916
0.13976
0.14186
0.13948
0.14009
0.13893
0.35187
0.13922
0.14203
0.14025
0.14099
0.13906
0.35086
0.13963
0.14334
0.14041
0.14001
0.13926
0.35076
0.14246
0.13918
0.13996
0.14039
0.13907
0.35103
0.13919
0.13941
0.139
0.13788
0.14082
0.3863
0.39318
0.6041
0.14064
0.14007
0.13773
0.1397
0.13864
0.35259
0.13913
0.139
0.13973
0.13951
0.13804
0.3551
0.13924
0.13839
0.13999
0.1381
0.13796
0.34978
0.13792
0.13877
0.1394
0.13709
0.13845
0.35527
0.13861
0.13914
0.13854
0.13951
0.13895
0.35724
0.13699
0.13963
0.13857
0.13851
0.13983
0.3487
0.14136
0.143
0.13969
0.14201
0.14177
0.3529
0.14444
0.14006
0.14001
0.14271
0.14084
0.35338
0.14216
0.14047
0.14217
0.14152
0.14129
0.35353
0.1356
0.1415
0.14204
0.14372
0.14083
0.35431
0.14223
0.13995
0.14152
0.14124
0.14036
0.35106
0.14012
0.13832
0.13978
0.13578
0.13909
0.35166
0.13703
0.13917
0.13908
0.13815
0.14194
0.34943
0.13871
0.1397
0.13898
0.13955
0.13966
0.34876
0.13364
0.14136
0.13823
0.13992
0.13843
0.35043
0.14057
0.13893
0.13933
0.14172
0.13961
0.34843
0.14153
0.13804
0.14
0.14251
0.13865
0.34991
0.14133
0.13854
0.14117
0.13959
0.14153
0.35245
0.14028
0.14129
0.14068
0.1403
0.14077
0.35351
0.13402
0.14215
0.14234
0.1432
0.14121
0.35437
0.13965
0.14183
0.14033
0.14062
0.1419
0.35023
0.14158
0.14037
0.14183
0.14034
0.14005
0.35212
0.13988
0.13979
0.14025
0.14047
0.13966
0.35395
0.13974
0.14105
0.1407
0.1415
0.14058
0.35279
0.14175
0.14229
0.141
0.13973
0.14231
0.35488
0.14341
0.14222
0.14312
0.14039
0.14181
0.35284
0.1421
0.14151
0.14192
0.14023
0.14227
0.35298
0.14076
0.14251
0.14045
0.1416
0.14105
0.35542
0.14231
0.14109
0.14003
0.14079
0.1403
0.35345
0.1407
0.14232
0.14139
0.14139
0.14093
0.35361
0.14125
0.14035
0.13952
0.14158
0.13963
0.35342
0.1407
0.14321
0.1404
0.14242
0.14079
0.35226
0.14225
0.14192
0.14277
0.14147
0.14118
0.35395
0.14082
0.14244
0.14264
0.14042
0.14234
0.35134
0.13383
0.14199
0.14286
0.14151
0.14267
0.35355
0.14201
0.14267
0.14237
0.14101
0.14223
0.354
0.14147
0.14284
0.14203
0.14173
0.14163
0.35149
0.14245
0.14223
0.14174
0.14233
0.14225
0.35226
0.14288
0.14282
0.14107
0.1424
0.14135
0.35245
0.14191
0.14328
0.14361
0.14292
0.14188
0.35486
0.1437
0.14145
0.14245
0.14346
0.14117
0.35485
0.14138
0.14178
0.14137
0.1437
0.14058
0.35302
0.14216
0.14338
0.14254
0.13955
0.14003
0.35202
0.13985
0.14325
0.13969
0.13995
0.14131
0.35297
0.13289
0.14829
0.143
0.14017
0.14124
0.35191
0.14885
0.14132
0.14125
0.14131
0.13963
0.35222
0.14136
0.1415
0.1396
0.14067
0.14232
0.35192
0.14293
0.14297
0.14048
0.14127
0.14267
0.3517
0.14035
0.1405
0.13765
0.14141
0.14085
0.35411
0.13571
0.14131
0.14056
0.14102
0.13931
0.35603
0.14308
0.1428
0.1434
0.14548
0.14542
0.35779
0.14435
0.14492
0.14465
0.14403
0.14242
0.35808
0.14368
0.1438
0.14459
0.14345
0.14326
0.35998
0.14189
0.14093
0.14097
0.14173
0.14591
0.34798
0.14043
0.14041
0.14093
0.14188
0.14489
0.35345
0.14279
0.14136
0.14204
0.14121
0.14866
0.3552
0.14372
0.14128
0.14122
0.46456
0.46281
0.49569
0.44753
0.14115
0.35751
0.14101
0.14074
0.14141
0.14019
0.14126
0.35369
0.13968
0.14165
0.14091
0.13866
0.13993
0.35679
0.47787
0.14332
0.14124
0.14216
0.14143
0.14098
0.35452
0.14145
0.14217
0.14126
0.14052
0.14108
0.35411
0.13901
0.14189
0.13528
0.14127
0.14243
0.35373
0.14152
0.14157
0.13974
0.14073
0.14135
0.35091
0.14143
0.15229
0.14778
0.14126
0.15207
0.35543
0.14118
0.14046
0.14039
0.14198
0.14325
0.35497
0.14364
0.14311
0.14247
0.14363
0.14322
0.35497
0.13606
0.14339
0.14089
0.14284
0.14299
0.35259
0.14356
0.14308
0.1423
0.14329
0.14319
0.35465
0.14321
0.14328
0.14191
0.1442
0.14238
0.35351
0.14202
0.1417
0.14204
0.14383
0.14174
0.35512
0.14158
0.14252
0.14521
0.14318
0.14271
0.34782
0.14152
0.38861
0.39066
0.39028
0.39286
0.38806
0.38751
0.39425
0.38715
0.14174
0.13876
0.14501
0.14109
0.35111
0.14111
0.14018
0.1379
0.14159
0.14177
0.35362
0.14234
0.13931
0.13792
0.1474
0.13792
0.35124
0.13967
0.13644
0.14337
0.13881
0.31585
0.52651
0.1436
0.14324
0.14336
0.14146
0.14287
0.36275
0.14272
0.14483
0.14397
0.14402
0.14387
0.3663
0.13684
0.14238
0.14357
0.14247
0.14388
0.36351
0.14226
0.14156
0.14496
0.1434
0.1436
0.36549
0.14401
0.14472
0.145
0.14322
0.14366
0.36445
0.14289
0.14444
0.1445
0.1439
0.14413
0.36549
0.14623
0.14283
0.14459
0.14474
0.1439
0.35773
0.14342
0.14411
0.14454
0.14371
0.14313
0.36376
0.14288
0.1441
0.14579
0.14411
0.14406
0.36525
0.14368
0.14392
0.14414
0.14285
0.14331
0.36644
0.14321
0.14461
0.145
0.14301
0.14475
0.36512
0.1445
0.14198
0.13776
0.144
0.1437
0.36488
0.14442
0.14436
0.14322
0.14129
0.14394
0.36472
0.14146
0.1441
0.14283
0.29658
0.29593
0.29774
0.29625
0.2994
0.15185
0.14109
0.35244
0.1374
0.13956
0.14036
0.13847
0.13399
0.3525
0.14015
0.14123
0.14163
0.1401
0.14228
0.34994
0.13929
0.14033
0.13747
0.14079
0.13912
0.35028
0.14112
0.13954
0.14011
0.14203
0.13922
0.35207
0.14005
0.14
0.13907
0.14106
0.14072
0.35172
0.14105
0.13896
0.14097
0.1329
0.13992
0.35184
0.14236
0.13972
0.14172
0.14095
0.14027
0.35198
0.14077
0.14109
0.14131
0.14034
0.14086
0.35326
0.13918
0.14097
0.14177
0.1391
0.13891
0.34859
0.13832
0.14314
0.13847
0.13878
0.13952
0.35117
0.13973
0.14297
0.13314
0.13899
0.13781
0.34808
0.13806
0.13847
0.13857
0.1402
0.14057
0.35509
0.14148
0.14113
0.14089
0.14046
0.14061
0.35415
0.14134
0.14097
0.14141
0.14197
0.14149
0.35096
0.14321
0.13989
0.14086
0.14386
0.14249
0.35428
0.13837
0.14079
0.14148
0.14034
0.14061
0.35681
0.13972
0.14133
0.14048
0.14036
0.14158
0.35184
0.13882
0.14122
0.13948
0.14064
0.14164
0.35391
0.13969
0.14166
0.14056
0.141
0.14193
0.35356
0.14235
0.14078
0.14125
0.14278
0.14099
0.35402
0.14194
0.14316
0.1407
0.14306
0.14294
0.35434
NaN
NaN
NaN
NaN
308.49
0.73607
0.43402
0.3376
0.32779
0.32464
0.33077
0.3235
0.32109
0.32288
0.31833
0.31775
0.25387
0.31823
0.13762
0.1385
