1
79.0000,377.0000,118.0000,377.0000,118.0000,412.0000,79.0000,412.0000
98.0000,373.0000,137.0000,373.0000,137.0000,408.0000,98.0000,408.0000
106.0000,375.0000,146.0000,375.0000,146.0000,410.0000,106.0000,410.0000
120.0000,373.0000,162.0000,373.0000,162.0000,409.0000,120.0000,409.0000
133.0000,370.0000,174.0000,370.0000,174.0000,406.0000,133.0000,406.0000
148.0000,370.0000,188.0000,370.0000,188.0000,405.0000,148.0000,405.0000
160.0000,369.0000,200.0000,369.0000,200.0000,404.0000,160.0000,404.0000
175.0000,367.0000,215.0000,367.0000,215.0000,403.0000,175.0000,403.0000
185.0000,367.0000,226.0000,367.0000,226.0000,402.0000,185.0000,402.0000
2
0
0
0
0
1
293.0000,358.0000,337.0000,358.0000,337.0000,391.0000,293.0000,391.0000
293.0000,358.0000,337.0000,358.0000,337.0000,391.0000,293.0000,391.0000
313.0000,356.0000,357.0000,356.0000,357.0000,389.0000,313.0000,389.0000
322.0000,354.0000,367.0000,354.0000,367.0000,389.0000,322.0000,389.0000
332.0000,354.0000,377.0000,354.0000,377.0000,388.0000,332.0000,388.0000
342.0000,353.0000,386.0000,353.0000,386.0000,387.0000,342.0000,387.0000
352.0000,352.0000,396.0000,352.0000,396.0000,386.0000,352.0000,386.0000
361.0000,351.0000,406.0000,351.0000,406.0000,385.0000,361.0000,385.0000
371.0000,350.0000,416.0000,350.0000,416.0000,384.0000,371.0000,384.0000
405.0000,345.0000,450.0000,345.0000,450.0000,380.0000,405.0000,380.0000
411.0000,344.0000,455.0000,344.0000,455.0000,377.0000,411.0000,377.0000
423.0000,344.0000,465.0000,344.0000,465.0000,376.0000,423.0000,376.0000
432.0000,344.0000,475.0000,344.0000,475.0000,377.0000,432.0000,377.0000
436.0000,342.0000,479.0000,342.0000,479.0000,375.0000,436.0000,375.0000
443.0000,343.0000,484.0000,343.0000,484.0000,375.0000,443.0000,375.0000
448.0000,340.0000,490.0000,340.0000,490.0000,372.0000,448.0000,372.0000
458.0000,339.0000,500.0000,339.0000,500.0000,372.0000,458.0000,372.0000
464.0000,338.0000,506.0000,338.0000,506.0000,370.0000,464.0000,370.0000
467.0000,337.0000,508.0000,337.0000,508.0000,369.0000,467.0000,369.0000
473.0000,337.0000,515.0000,337.0000,515.0000,369.0000,473.0000,369.0000
513.0000,333.0000,557.0000,333.0000,557.0000,367.0000,513.0000,367.0000
537.0000,327.0000,579.0000,327.0000,579.0000,360.0000,537.0000,360.0000
541.0000,327.0000,583.0000,327.0000,583.0000,359.0000,541.0000,359.0000
554.0000,329.0000,594.0000,329.0000,594.0000,361.0000,554.0000,361.0000
570.0000,327.0000,611.0000,327.0000,611.0000,358.0000,570.0000,358.0000
567.0000,326.0000,608.0000,326.0000,608.0000,357.0000,567.0000,357.0000
576.0000,324.0000,617.0000,324.0000,617.0000,356.0000,576.0000,356.0000
586.0000,326.0000,628.0000,326.0000,628.0000,358.0000,586.0000,358.0000
588.0000,321.0000,629.0000,321.0000,629.0000,353.0000,588.0000,353.0000
