307.2
0.74418
0.2838
0.14787
0.14881
0.1497
0.83752
0.14516
0.14666
0.14504
0.14407
0.14559
0.36789
0.14398
0.145
0.14613
0.14426
0.14505
0.36306
0.14625
0.14591
0.1447
0.14427
0.1376
0.36463
0.14406
0.14472
0.14302
0.14412
0.14578
0.3638
0.14429
0.14502
0.14379
0.14299
0.14522
0.36246
0.143
0.14421
0.14252
0.1458
0.14489
0.35845
0.14163
0.14069
0.1397
0.14061
0.14146
0.35673
0.14006
0.31764
0.14416
0.14613
0.14288
0.35659
0.14103
0.14098
0.14518
0.14379
0.14214
0.35755
0.14273
0.14229
0.1442
0.14542
0.14345
0.35855
0.14396
0.14312
0.14345
0.1465
0.14366
0.35994
0.14423
0.14448
0.14409
0.14464
0.14405
0.35724
0.13683
0.14343
0.14583
0.14352
0.14214
0.35983
0.14341
0.1457
0.1432
0.14355
0.14211
0.35825
0.14472
0.14228
0.14275
0.14359
0.1429
0.35921
0.14475
0.14193
0.14296
0.14472
0.14206
0.36104
0.14309
0.1416
0.14238
0.1427
0.14224
0.35797
0.14236
0.14241
0.14409
0.14227
0.14191
0.35827
0.14182
0.14182
0.14474
0.14216
0.14211
0.35848
0.14242
0.14205
0.14148
0.14431
0.14199
0.36014
0.1422
0.14199
0.14286
0.14389
0.14138
0.35772
0.14519
0.14262
0.14185
0.13709
0.14101
0.3585
0.14314
0.14206
0.143
0.14293
0.1465
0.36073
0.14081
0.14233
0.14239
0.14274
0.14289
0.35836
0.14095
0.14353
0.14361
0.14292
0.13936
0.3504
0.13955
0.14105
0.13874
0.14414
0.13982
0.35005
0.14006
0.13452
0.13856
0.14562
0.13995
0.34865
0.13893
0.14398
0.14091
0.14083
0.14155
0.35201
0.14027
0.14105
0.1394
0.14162
0.1391
0.35248
0.14236
0.14091
0.1417
0.14111
0.13996
0.35131
0.14165
0.13837
0.14138
0.14216
0.14014
0.35444
0.13456
0.14091
0.14162
0.14049
0.14036
0.35085
0.13906
0.14078
0.14086
0.13939
0.14032
0.35222
0.14098
0.14167
0.14075
0.14013
0.13979
0.34924
0.14149
0.13962
0.14152
0.14156
0.14053
0.3494
0.14223
0.14003
0.14111
0.1416
0.13914
0.35102
0.13585
0.14086
0.14136
0.14191
0.13965
0.35358
0.14163
0.1408
0.14105
0.14025
0.14223
0.35098
0.14264
0.1405
0.14203
0.14135
0.1413
0.35184
0.1397
0.13993
0.14219
0.14112
0.14225
0.35269
0.13943
0.14129
0.14011
0.13958
0.14264
0.35228
0.13432
0.14152
0.14132
0.14003
0.13997
0.35266
0.13972
0.14053
0.14026
0.13977
0.14055
0.34857
0.14027
0.13939
0.14088
0.14012
0.1404
0.35297
0.14109
0.13922
0.1398
0.13962
0.13781
0.36327
0.14236
0.13989
0.14172
0.14053
0.13974
0.35299
0.13669
0.13881
0.13986
0.14019
0.14267
0.34846
0.13997
0.13984
0.14155
0.13983
0.14071
0.34939
0.14063
0.13986
0.14067
0.14111
0.1406
0.35004
0.13889
0.14056
0.14032
0.1384
0.14039
0.35102
0.13884
0.13865
0.14099
0.13941
0.1403
0.35232
0.14101
0.14043
0.13969
0.13891
0.13948
0.348
0.13971
0.13979
0.13945
0.14071
0.13918
0.3529
0.1393
0.14061
0.14194
0.13885
0.13965
0.35171
0.13828
0.14012
0.14167
0.13946
0.14118
0.34843
0.13883
0.14047
0.14061
0.13946
0.14116
0.35062
0.13394
0.14106
0.13981
0.13995
0.14076
0.34909
0.14058
0.14153
0.13842
0.13974
0.13894
0.35056
0.14066
0.13852
0.14003
0.14128
0.13739
0.35331
0.14052
0.13913
0.1403
0.14005
0.13885
0.35311
0.1391
0.13891
0.14173
0.14039
0.13849
0.35319
0.13468
0.14075
0.14002
0.13928
0.13826
0.35115
0.1399
0.13901
0.14072
0.13997
0.14112
0.35146
0.13812
0.14042
0.13997
0.13817
0.13917
0.34865
0.13926
0.14117
0.13976
0.13979
0.1423
0.35051
0.13975
0.14074
0.13834
0.13941
0.14083
0.35065
0.13995
0.13829
0.13885
0.14175
0.13937
0.35013
0.13874
0.13801
0.1392
0.14116
0.1385
0.3563
0.1388
0.13858
0.1398
0.1402
0.13728
0.35081
0.14046
0.13914
0.14065
0.13869
0.13895
0.352
0.13834
0.14017
0.13998
0.13916
0.13996
0.35001
0.13262
0.14123
0.13932
0.13836
0.13927
0.35138
0.13783
0.141
0.13852
0.13991
0.13919
0.34891
0.13942
0.14257
0.13815
0.13959
0.14075
0.34777
0.14076
0.13787
0.14002
0.13971
0.13933
0.35041
0.14168
0.13982
0.13867
0.13945
0.13865
0.34959
0.13983
0.13898
0.13932
0.14043
0.13884
0.35029
0.13936
0.1395
0.13853
0.13903
0.13816
0.34877
0.13857
0.13935
0.13938
0.13882
0.13911
0.35103
0.13834
0.13962
0.14069
0.1403
0.13996
0.34875
0.13936
0.13894
0.13908
0.13998
0.14116
0.34945
0.13449
0.13987
0.13836
0.13904
0.13875
0.34878
0.14079
0.13805
0.13977
0.1404
0.13727
0.35668
0.13914
0.13968
0.14026
0.1393
0.13789
0.34934
0.13867
0.14065
0.13787
0.1388
0.13868
0.34756
0.13904
0.1433
0.13857
0.13825
0.13864
0.34657
0.14086
0.13788
0.13679
0.13878
0.13648
0.34654
0.13756
0.13634
0.13773
0.13875
0.13559
0.35026
0.13754
0.13952
0.13783
0.13867
0.13493
0.34825
0.13454
0.14189
0.13686
0.13571
0.1357
0.34824
0.1372
0.13744
0.13693
0.13838
0.13752
0.34861
0.13812
0.1363
0.13665
0.1367
0.13532
0.34704
0.14366
0.13612
0.13878
0.13891
0.13698
0.34845
0.13968
0.13797
0.13766
0.13517
0.13678
0.35013
0.13568
0.13687
0.13809
0.13619
0.13728
0.34726
0.13968
0.13961
0.13596
0.13766
0.15157
0.35185
0.13784
0.13593
0.13884
0.13741
0.13629
0.35447
0.13795
0.13828
0.13714
0.13639
0.13806
0.35438
0.13997
0.13805
0.13958
0.13929
0.13957
0.36179
0.13734
0.13743
0.1383
0.13778
0.13882
0.35733
0.13992
0.13945
0.13903
0.14098
0.13237
0.36194
0.13717
0.1399
0.14
0.13748
0.13874
0.36113
0.13694
0.13697
0.13769
0.1381
0.13813
0.35493
0.13896
0.13849
0.13782
0.13925
0.13854
0.3591
0.13952
0.13878
0.13905
0.1382
0.13643
0.3555
0.13643
0.14051
0.13964
0.13181
0.13947
0.35552
0.13693
0.1389
0.13899
0.13749
0.14064
0.35473
0.14099
0.14241
0.14077
0.14145
0.14214
0.35356
0.1411
0.13986
0.13954
0.14275
0.14004
0.35646
0.13879
0.14021
0.14015
0.14121
0.1397
0.35635
0.14142
0.1319
0.14198
0.14111
0.13844
0.35665
0.14053
0.13929
0.14114
0.14057
0.13934
0.35785
0.1405
0.13861
0.14162
0.14058
0.14032
0.35625
0.13828
0.13938
0.14138
0.13746
0.14071
0.35387
0.13927
0.13911
0.14076
0.13969
0.14128
0.35375
0.1321
0.13856
0.14183
0.1388
0.13827
0.35185
0.14047
0.13679
0.13834
0.13875
0.1371
0.35635
0.1383
0.13817
0.13959
0.13878
0.13732
0.35361
0.13722
0.13728
0.13885
0.13658
0.13768
0.35387
0.13614
0.14052
0.13839
0.13744
0.13901
0.35366
0.13421
0.13866
0.13843
0.13763
0.13567
0.35175
0.13754
0.14017
0.13601
0.13748
0.1355
0.35406
0.14001
0.13667
0.1374
0.13698
0.1379
0.35287
0.13911
0.13904
0.13872
0.13754
0.13832
0.3521
0.14015
0.1393
0.1392
0.13748
0.13995
0.35555
0.13198
0.13968
0.13939
0.13829
0.1388
0.35271
0.13896
0.13885
0.13624
0.13866
0.13783
