305.76
1.3562
0.81374
0.67054
0.65025
0.65009
1.3455
0.65802
0.66384
0.66327
0.67239
0.67624
0.88857
0.66931
0.6575
0.6567
0.65899
0.6611
0.88186
0.66204
0.66713
0.66782
0.66465
0.6773
0.89614
0.68361
0.69389
0.6996
0.68713
0.68011
0.90433
0.69474
0.69745
0.69343
0.69895
0.69101
0.91723
0.70593
NaN
NaN
NaN
NaN
310.26
0.73838
0.28145
0.50418
0.42315
0.41777
0.41436
NaN
NaN
NaN
NaN
311.38
0.73542
0.64342
0.41752
0.41486
0.41495
NaN
NaN
NaN
NaN
309.48
1.395
0.86068
0.73225
0.71596
0.7157
1.4116
0.7225
0.71302
0.70534
0.72514
0.71775
1.0533
0.94974
0.70755
0.70844
0.6968
0.69464
0.70726
0.91653
0.69519
0.69591
0.69889
0.70405
