1
382.0000,376.0000,419.0000,376.0000,419.0000,401.0000,382.0000,401.0000
373.0000,375.0000,410.0000,375.0000,410.0000,401.0000,373.0000,401.0000
368.0000,374.0000,404.0000,374.0000,404.0000,399.0000,368.0000,399.0000
346.0000,372.0000,381.0000,372.0000,381.0000,396.0000,346.0000,396.0000
328.0000,375.0000,364.0000,375.0000,364.0000,401.0000,328.0000,401.0000
320.0000,371.0000,357.0000,371.0000,357.0000,397.0000,320.0000,397.0000
312.0000,371.0000,350.0000,371.0000,350.0000,397.0000,312.0000,397.0000
314.0000,370.0000,350.0000,370.0000,350.0000,395.0000,314.0000,395.0000
297.0000,371.0000,333.0000,371.0000,333.0000,395.0000,297.0000,395.0000
296.0000,371.0000,331.0000,371.0000,331.0000,396.0000,296.0000,396.0000
285.0000,372.0000,321.0000,372.0000,321.0000,397.0000,285.0000,397.0000
281.0000,369.0000,318.0000,369.0000,318.0000,395.0000,281.0000,395.0000
273.0000,370.0000,311.0000,370.0000,311.0000,396.0000,273.0000,396.0000
269.0000,370.0000,307.0000,370.0000,307.0000,396.0000,269.0000,396.0000
267.0000,369.0000,304.0000,369.0000,304.0000,395.0000,267.0000,395.0000
258.0000,372.0000,295.0000,372.0000,295.0000,397.0000,258.0000,397.0000
253.0000,370.0000,289.0000,370.0000,289.0000,395.0000,253.0000,395.0000
248.0000,370.0000,284.0000,370.0000,284.0000,396.0000,248.0000,396.0000
241.0000,370.0000,279.0000,370.0000,279.0000,396.0000,241.0000,396.0000
230.0000,370.0000,270.0000,370.0000,270.0000,397.0000,230.0000,397.0000
233.0000,369.0000,271.0000,369.0000,271.0000,396.0000,233.0000,396.0000
223.0000,368.0000,262.0000,368.0000,262.0000,396.0000,223.0000,396.0000
218.0000,368.0000,259.0000,368.0000,259.0000,396.0000,218.0000,396.0000
212.0000,369.0000,253.0000,369.0000,253.0000,398.0000,212.0000,398.0000
208.0000,368.0000,250.0000,368.0000,250.0000,397.0000,208.0000,397.0000
199.0000,368.0000,242.0000,368.0000,242.0000,398.0000,199.0000,398.0000
196.0000,367.0000,240.0000,367.0000,240.0000,398.0000,196.0000,398.0000
189.0000,368.0000,231.0000,368.0000,231.0000,398.0000,189.0000,398.0000
189.0000,367.0000,231.0000,367.0000,231.0000,396.0000,189.0000,396.0000
184.0000,366.0000,227.0000,366.0000,227.0000,397.0000,184.0000,397.0000
180.0000,366.0000,224.0000,366.0000,224.0000,397.0000,180.0000,397.0000
172.0000,366.0000,215.0000,366.0000,215.0000,397.0000,172.0000,397.0000
171.0000,364.0000,216.0000,364.0000,216.0000,395.0000,171.0000,395.0000
163.0000,365.0000,209.0000,365.0000,209.0000,396.0000,163.0000,396.0000
156.0000,364.0000,200.0000,364.0000,200.0000,395.0000,156.0000,395.0000
152.0000,363.0000,196.0000,363.0000,196.0000,394.0000,152.0000,394.0000
2
0
0
0
0
1
169.0000,359.0000,216.0000,359.0000,216.0000,389.0000,169.0000,389.0000
167.0000,358.0000,216.0000,358.0000,216.0000,389.0000,167.0000,389.0000
167.0000,358.0000,216.0000,358.0000,216.0000,389.0000,167.0000,389.0000
166.0000,358.0000,216.0000,358.0000,216.0000,389.0000,166.0000,389.0000
165.0000,358.0000,215.0000,358.0000,215.0000,389.0000,165.0000,389.0000
2
0
0
0
0
1
288.0000,353.0000,336.0000,353.0000,336.0000,384.0000,288.0000,384.0000
288.0000,353.0000,336.0000,353.0000,336.0000,384.0000,288.0000,384.0000
287.0000,353.0000,336.0000,353.0000,336.0000,384.0000,287.0000,384.0000
287.0000,353.0000,336.0000,353.0000,336.0000,384.0000,287.0000,384.0000
2
0
0
0
0
1
386.0000,348.0000,435.0000,348.0000,435.0000,379.0000,386.0000,379.0000
379.0000,349.0000,427.0000,349.0000,427.0000,379.0000,379.0000,379.0000
371.0000,349.0000,419.0000,349.0000,419.0000,379.0000,371.0000,379.0000
366.0000,350.0000,414.0000,350.0000,414.0000,380.0000,366.0000,380.0000
359.0000,350.0000,406.0000,350.0000,406.0000,379.0000,359.0000,379.0000
354.0000,349.0000,400.0000,349.0000,400.0000,378.0000,354.0000,378.0000
348.0000,350.0000,394.0000,350.0000,394.0000,379.0000,348.0000,379.0000
343.0000,349.0000,390.0000,349.0000,390.0000,378.0000,343.0000,378.0000
337.0000,350.0000,383.0000,350.0000,383.0000,379.0000,337.0000,379.0000
331.0000,349.0000,376.0000,349.0000,376.0000,378.0000,331.0000,378.0000
313.0000,349.0000,359.0000,349.0000,359.0000,378.0000,313.0000,378.0000
323.0000,348.0000,368.0000,348.0000,368.0000,377.0000,323.0000,377.0000
305.0000,349.0000,350.0000,349.0000,350.0000,377.0000,305.0000,377.0000
298.0000,350.0000,343.0000,350.0000,343.0000,378.0000,298.0000,378.0000
289.0000,349.0000,335.0000,349.0000,335.0000,378.0000,289.0000,378.0000
281.0000,349.0000,327.0000,349.0000,327.0000,378.0000,281.0000,378.0000
277.0000,349.0000,322.0000,349.0000,322.0000,377.0000,277.0000,377.0000
271.0000,349.0000,316.0000,349.0000,316.0000,377.0000,271.0000,377.0000
265.0000,347.0000,311.0000,347.0000,311.0000,376.0000,265.0000,376.0000
261.0000,346.0000,308.0000,346.0000,308.0000,376.0000,261.0000,376.0000
255.0000,346.0000,302.0000,346.0000,302.0000,376.0000,255.0000,376.0000
255.0000,346.0000,301.0000,346.0000,301.0000,375.0000,255.0000,375.0000
242.0000,345.0000,290.0000,345.0000,290.0000,376.0000,242.0000,376.0000
