320.25
0.82285
0.3008
0.15944
0.15479
0.15362
0.85789
0.15726
0.15672
0.15204
0.15319
0.15366
0.3769
0.16207
0.15514
0.15636
0.15354
0.15343
0.37321
0.15335
0.15288
0.14765
0.15351
0.1522
0.37239
0.15446
0.15288
0.15579
0.15441
0.15346
0.37206
0.15685
0.15504
0.15284
0.15434
0.15386
0.37097
0.15413
0.15437
0.15705
0.15421
0.15612
0.37574
0.15567
0.15543
0.15982
0.15464
0.15307
0.37761
0.15339
0.33652
0.15673
0.16282
0.15208
0.37782
0.15588
0.15497
0.15998
0.15967
0.15625
0.37098
0.1555
0.15631
0.1608
0.15515
0.15885
0.3746
0.15751
0.15829
0.15863
0.15979
0.15735
0.97021
0.62187
0.60178
0.15558
0.61555
0.16035
0.8172
0.60889
0.6418
0.6205
0.60463
0.15906
0.37385
0.15774
0.15589
0.16034
0.15745
0.15795
0.37514
0.16185
0.15937
0.16019
0.16139
0.15985
0.37936
0.1606
0.16097
0.15734
0.15729
0.15827
0.37766
0.15642
0.15684
0.16136
0.15234
0.15986
0.38186
0.15872
0.1562
0.15714
0.15665
0.16006
0.38123
0.16233
0.15594
0.16367
0.16127
0.17322
0.37634
0.15771
0.16303
0.1615
0.16016
0.16234
0.37822
0.16313
0.16028
0.15902
0.15897
0.15817
0.37252
0.15982
0.16216
0.1608
0.15922
0.16223
0.37743
0.15871
0.16609
0.16205
0.16221
0.15969
0.39384
0.16931
0.16718
0.16691
0.16869
0.16737
0.38292
0.16687
0.16602
0.1646
0.16321
0.16109
0.37972
0.15703
0.1651
0.16136
0.16351
0.16293
0.38
0.15761
0.15933
0.16183
0.16421
0.15976
0.37826
0.16115
0.16581
0.16383
0.15904
0.16113
0.38101
0.16493
0.16123
0.16054
0.16065
0.16575
0.38018
0.1658
0.16187
0.15782
0.16139
0.1638
0.37989
0.16709
0.16728
0.16304
0.16103
0.15892
0.37546
0.1622
0.15853
0.16075
0.16417
0.16601
0.38355
0.16707
0.16948
0.16927
0.16939
0.16951
0.38611
0.16866
0.16997
0.16513
0.16112
0.16185
0.37976
0.1641
0.16662
0.16601
0.16515
0.16826
0.37572
0.16143
0.16319
0.16101
0.16538
0.16276
0.38152
0.16575
0.1632
0.16506
0.16257
0.16227
0.38068
0.16425
0.16867
0.16493
0.1635
0.16896
0.38305
0.16697
0.16265
0.16345
0.16361
0.16809
0.38652
0.15709
0.1716
0.16811
0.17073
0.16971
0.38764
0.17148
0.17171
0.17059
0.1706
0.17065
0.38839
0.16972
0.17002
0.16893
0.16808
0.16444
0.38146
0.16624
0.16647
0.167
0.16649
0.16654
0.3858
0.17174
0.16827
0.16905
0.16985
0.16852
0.38833
0.17035
0.16924
0.16617
0.16709
0.16536
0.38781
0.16781
0.16844
0.1646
0.17391
0.17207
0.38932
0.17158
0.17352
0.17422
0.80278
NaN
NaN
NaN
NaN
324.55
0.82169
0.29758
0.16221
0.1554
0.15276
0.84464
0.15643
0.15457
0.15182
0.15243
0.15196
0.37124
0.15359
0.15116
0.76089
0.64078
0.15162
0.78182
0.37072
0.15341
0.15412
0.15288
0.15337
0.15537
0.37013
0.1539
0.64402
0.6284
0.63718
0.63027
0.8283
0.62118
0.62786
0.14842
0.15036
0.15303
0.37363
0.15787
0.15329
0.15407
0.15654
0.15508
0.37151
0.15152
0.15377
0.15844
0.15619
0.15315
0.37434
0.15349
0.33501
0.67871
0.63631
0.64228
0.86964
0.15505
0.15415
0.16169
0.15953
0.1577
0.84295
0.63361
0.6454
0.66009
0.16254
0.15717
0.37565
0.1591
0.15786
0.1578
0.15868
0.15869
0.37262
0.15658
0.15721
0.15641
0.15523
0.15779
0.3777
0.15908
0.14962
0.16277
0.16186
0.16316
0.37761
0.15833
0.15639
0.15538
0.15566
0.16463
0.37434
0.15897
0.15718
0.16008
0.15945
0.15798
0.38018
0.1618
0.16173
0.16101
0.16393
0.16284
0.37912
0.16315
0.16138
0.16199
0.64048
0.64272
0.85436
0.64066
0.63636
0.63792
0.63638
0.63023
0.85149
0.16106
0.6402
0.64396
0.65444
0.64532
0.85313
0.64987
0.64708
0.6804
0.69256
0.68104
0.94181
0.71281
0.70033
0.70969
0.70298
0.67794
0.90838
0.68125
0.68267
0.68827
0.67503
0.6723
0.39945
0.16699
0.68283
0.67545
0.67947
0.63012
0.86773
0.63899
0.63647
0.61945
0.6174
0.62529
0.84661
0.15905
0.161
0.15814
0.64306
0.16123
0.37906
0.16365
0.15949
0.15933
0.62123
0.63536
0.83178
0.62526
0.63681
0.63869
0.63058
0.64182
0.37253
0.15901
0.15968
0.61901
0.6299
0.63062
0.84634
0.63369
0.63564
0.64041
0.64238
0.63724
0.85748
0.63887
0.6406
0.63929
0.63546
0.63339
0.85315
0.62636
0.6254
0.62881
0.6264
0.63135
0.88257
0.64931
0.65044
0.6532
0.65194
0.65289
0.87237
0.64589
0.64679
0.65795
0.66035
0.67112
0.88839
0.17164
0.16959
0.16118
0.16338
0.16703
0.38497
0.16854
0.17272
0.16802
0.16676
0.16932
0.39429
0.17347
0.16777
0.17139
0.62811
0.62793
0.84211
0.63617
0.63449
0.62924
0.63045
0.63161
0.84473
0.6245
0.62638
0.61931
0.63266
0.64114
0.85238
0.62182
0.62466
0.631
0.63144
0.64077
0.85322
0.62203
0.62575
0.63378
0.62987
0.63442
0.84494
0.70348
0.62916
0.63055
0.62291
0.62935
0.85827
0.64778
0.17282
0.17133
0.16258
0.17189
0.39147
0.18135
0.16656
0.16744
0.17011
0.16677
0.38775
0.17035
0.16832
0.16708
0.16911
0.17373
0.3964
0.17202
0.17291
0.16966
0.1669
0.16672
0.38614
0.1706
0.17068
0.16752
0.16708
0.17011
0.38947
0.17176
0.17192
0.17152
0.17287
0.17135
0.39438
0.17288
0.17186
0.16959
0.63697
0.16901
0.38614
0.17192
0.1724
0.17209
0.16801
0.17299
0.86009
0.16543
0.17519
0.17364
0.17449
0.17342
0.39229
0.17053
0.17173
0.17231
0.16833
0.16997
0.39926
0.1795
0.1772
0.17333
0.17311
0.18346
0.40302
0.18112
0.17576
0.17249
0.17696
0.17132
0.38924
0.16456
0.16932
0.17091
0.17392
0.1731
0.38883
0.17557
0.17602
0.17496
0.17708
0.17531
0.31334
0.30704
0.30058
0.29875
0.30351
0.37853
0.16719
0.17199
0.16975
0.65055
0.64505
0.3825
0.17403
0.17486
0.17405
0.17769
0.17411
0.31694
0.38841
0.17433
0.17947
0.17675
0.17312
0.17394
0.38564
0.17226
0.17677
0.1725
0.17317
0.17025
0.38334
