339.3
0.92711
0.45428
0.31868
0.31175
0.31428
1.0084
0.30838
0.30444
0.30563
0.31242
0.31471
0.54531
0.3076
0.30805
0.30959
0.30826
0.30765
0.5343
0.30859
0.30947
0.30839
0.30967
0.30919
0.53043
0.30071
0.30862
0.30335
0.29637
0.30333
0.52743
0.30308
0.30292
0.30975
0.29536
0.30214
0.52835
0.3012
0.30418
0.30186
0.3013
0.29409
0.52365
0.29329
0.30122
0.30018
0.29867
0.93447
1.0459
0.29999
0.47431
0.30499
0.30383
0.30814
0.52316
0.29538
0.30581
0.30553
0.31383
0.29989
0.51846
0.30236
0.30607
0.30233
0.29887
0.30172
0.51908
0.29969
0.30867
0.29932
0.29992
0.29562
0.51997
0.30139
0.29474
0.29324
0.29155
0.29174
0.52136
0.29905
0.2926
0.29141
0.29305
0.29032
0.5219
0.2934
0.28492
0.2917
0.29359
0.29293
0.51792
0.2892
0.29153
0.29769
0.28762
0.28986
0.51363
0.28952
0.29167
0.29118
0.2892
0.29054
0.50471
0.28863
0.29067
0.29153
0.29126
0.29805
0.51897
0.29592
0.29974
0.29345
1.3443
1.3864
1.3648
1.2904
1.2968
1.5571
1.8542
1.7211
1.5428
1.6714
1.7038
1.6884
1.6655
1.5758
1.4514
1.3963
1.5289
1.5301
1.5754
1.5738
1.5799
1.5793
1.6012
1.5876
1.579
1.5818
1.5762
1.573
1.5952
1.5841
1.5797
1.5739
1.5831
1.1975
1.1859
1.1821
1.1986
1.3285
1.3317
0.89433
0.60135
0.60133
0.60495
0.59926
0.60153
0.86506
2.1187
2.483
2.5535
1.9592
2.0108
1.8454
1.4806
1.4783
1.4913
1.4127
1.3296
1.3222
1.3351
1.2906
1.2807
0.93115
0.61872
0.60728
0.60993
0.60463
0.61861
0.85308
0.72909
1.9946
2.0148
1.4738
1.4794
1.4849
1.4853
1.5653
1.5328
1.4439
0.26905
1.8047
0.25966
0.25795
0.25987
0.25835
0.25858
0.49523
0.25881
0.2572
0.25771
0.25976
0.25824
1.8385
0.26844
0.25519
0.26667
0.28071
0.26468
0.51438
0.27033
0.27844
0.26832
0.26242
0.26457
0.52968
0.26525
0.25735
0.2581
0.25938
0.25951
0.9773
0.62186
0.63283
0.63712
0.73638
0.77554
1.0174
0.78928
0.29348
0.29426
0.30128
0.29636
0.53399
0.30675
0.30438
0.29626
0.30084
0.30178
0.53772
0.29549
0.30182
0.30048
0.30216
0.29389
0.52099
0.29628
0.29473
0.29618
0.29656
0.29562
0.52442
0.29418
0.29155
1.0058
0.29077
0.28988
0.29703
0.52122
0.29513
0.289
0.29711
0.29221
0.30503
0.53373
0.29764
0.29433
0.29056
0.29034
0.29579
0.52526
0.29366
0.28892
0.29136
0.30061
0.29802
0.52564
0.29117
0.28902
0.30168
0.29604
0.30405
