311.63
0.80064
0.94879
0.70034
0.19972
0.20592
0.93317
0.20225
0.19585
0.19577
0.19596
0.19675
0.42131
0.19564
0.19562
0.19599
0.20122
0.69133
0.40274
0.19417
0.19734
0.19307
0.1981
0.19948
0.40736
0.19535
0.19605
0.20066
0.19628
0.19819
0.40493
0.19975
0.19452
0.19657
0.19517
0.19526
0.41081
0.67636
0.19598
0.682
0.19366
0.19756
0.40459
0.67901
0.19726
0.19759
0.19457
0.19695
0.41049
0.1955
0.37814
0.20013
0.19859
0.19569
0.4033
0.20087
0.19641
0.19793
0.20049
0.19521
0.41185
0.19981
0.19914
0.19831
0.19744
0.1987
0.40514
0.19911
0.1993
0.19813
0.19799
0.19933
0.4128
0.19824
0.19945
0.19708
0.19893
0.19997
0.4083
0.19666
0.19117
0.19976
0.19941
0.19686
0.40697
0.19609
0.19704
0.19667
0.19615
0.19885
0.41135
0.19676
0.19662
0.20815
0.19766
0.19844
0.4059
0.19517
0.19967
0.1977
0.195
0.19725
0.40712
0.20007
0.19753
0.19542
0.19768
0.19771
0.40544
0.19604
0.1953
0.1988
0.1988
0.19901
0.41005
0.19736
0.19993
0.19613
0.19572
0.19775
0.40609
0.19648
0.19774
0.19792
0.19696
0.20192
0.40714
0.1985
0.19705
0.20136
0.1987
0.19703
0.40436
0.20098
0.19927
0.19775
0.19966
0.20237
0.40897
0.19769
0.19923
0.20144
0.2021
0.20115
0.40753
0.20279
0.20285
0.19464
0.19825
0.20275
0.40823
0.19962
0.19864
0.2022
0.20042
0.19997
0.40776
0.20009
0.1993
0.20031
0.20102
0.20106
0.40676
0.19959
0.20024
0.20169
0.19989
0.20188
0.40835
0.19372
0.2004
0.2009
0.20367
0.20085
0.41101
0.20169
0.2004
0.20103
0.20145
0.20269
0.40254
0.19335
0.19157
0.18895
0.18354
0.18445
0.39149
0.18471
0.18372
0.18495
0.18415
0.18451
0.39346
0.18384
0.18361
0.18465
0.1841
0.18308
0.39059
0.18205
0.18467
0.18726
0.18399
0.18561
0.39626
0.18328
0.18286
0.18515
0.18503
0.18543
0.39643
0.18328
0.18588
0.18536
0.18594
0.18793
0.39601
0.18706
0.18577
0.18639
0.18414
0.18615
0.39266
0.18523
0.18468
0.1856
0.18446
0.18325
0.39387
0.18461
0.1861
0.18456
0.18689
0.187
0.39626
0.18707
0.18952
0.18284
0.18654
0.1874
0.39655
0.18667
0.18847
0.18609
0.18505
0.18665
0.39725
0.18788
0.19094
0.19006
0.19196
0.18927
0.39467
0.19009
0.18966
0.1895
0.18985
0.66114
0.94851
0.65859
0.19005
0.18696
0.18431
0.18613
0.39534
0.17996
0.18226
