312.18
0.74293
0.28796
0.15162
0.14889
0.14797
0.84433
0.14744
0.14649
0.14666
0.1464
0.14887
0.37209
0.1465
0.14705
0.14526
0.14758
0.1463
0.36673
0.14589
0.14639
0.14457
0.14654
0.14714
0.36657
0.14726
0.14018
0.14629
0.14468
0.14614
0.36688
0.14526
0.14669
0.14477
0.1452
0.14707
0.36676
0.14528
0.14547
0.14486
0.14543
0.15023
0.36609
0.14593
0.14576
0.14445
0.14703
0.1465
0.37133
0.14482
0.32443
0.14735
0.14933
0.14198
0.36677
0.15176
0.14747
0.14526
0.1473
0.14803
0.36643
0.14758
0.14831
0.14778
0.14849
0.14826
0.36945
0.14682
0.14734
0.14846
0.14716
0.14837
0.3682
0.14857
0.14771
0.14829
0.14652
0.14697
0.37598
0.14852
0.1474
0.14792
0.14753
0.1468
0.37176
0.15054
0.1471
0.14785
0.14904
0.14731
0.3711
0.14692
0.14651
0.14803
0.14837
0.14652
0.37312
0.14758
0.14704
0.14869
0.14869
0.14702
0.36915
0.14772
0.14776
0.14788
0.14949
0.15148
0.36049
0.14819
0.14914
0.14562
0.14843
0.14731
0.36642
0.14748
0.14775
0.14652
0.14842
0.14669
0.3679
0.14656
0.15087
0.15059
0.1499
0.14969
0.36908
0.1472
0.1491
0.14967
0.14811
0.14792
0.36887
0.14888
0.15091
0.14296
0.14997
0.15
0.36875
0.14908
0.14527
0.14573
0.14793
0.14521
0.36961
0.14797
0.14568
0.14723
0.14747
0.14594
0.37434
0.14672
0.14705
0.14742
0.14741
0.14645
0.37551
0.14716
0.14952
0.14756
0.14827
0.14731
0.37598
0.14317
0.14793
0.14869
0.14875
0.14829
0.37372
0.1497
0.14889
0.14765
0.14837
0.15435
0.37062
0.14726
0.14801
0.14896
0.14868
0.14886
0.36884
0.14719
0.14879
0.14904
0.1487
0.14805
0.37073
0.14721
0.73882
0.52931
0.53513
0.5781
0.90111
0.71999
0.73147
0.14931
0.14953
0.15006
0.93047
0.7066
0.69868
0.14876
0.69963
0.15029
0.36913
0.15178
0.14916
0.15081
0.15304
0.15025
0.37076
0.15063
0.15029
0.15061
0.15278
0.15303
0.36711
0.15268
0.15323
0.15245
0.15093
0.15002
0.37383
0.15267
0.15467
0.15438
0.15521
0.154
0.37703
0.15525
0.15293
0.1551
0.15565
0.15235
0.37722
0.15321
0.15441
0.15448
0.62218
0.56195
0.80714
0.64246
0.66927
0.1537
0.15569
0.15553
0.37698
0.15722
0.15707
0.15718
0.15609
0.15451
0.37797
0.15731
0.15808
0.15426
0.15482
0.14815
0.37697
0.15684
0.15514
0.15377
0.15664
0.15418
0.37782
0.15321
0.15556
0.15553
0.15472
0.15522
0.381
0.15668
0.15587
0.15614
0.1575
0.15885
0.37813
0.15755
0.15725
0.15618
0.15858
0.16019
