339.58
0.82558
0.45371
0.29315
0.28571
0.29569
0.96779
0.28822
0.28344
0.28942
0.29031
0.28957
0.50412
0.28711
0.28763
0.28412
0.28832
0.28903
0.49577
0.28781
0.2914
0.28606
0.28211
0.28785
0.49858
0.27919
0.28869
0.279
0.28558
0.28785
0.50028
0.2782
0.28066
0.28736
0.28879
0.28152
0.49432
0.27879
0.27931
0.28174
0.28166
0.27929
0.49457
0.28996
0.27977
0.27981
0.28959
0.28482
0.49713
0.29014
0.46286
0.28232
0.2851
0.29085
0.50237
0.28832
0.29096
0.28668
0.29072
0.29657
0.50865
0.30141
0.29717
0.29601
0.29865
0.2925
0.50176
0.29391
0.29308
0.29026
0.29529
0.29058
0.49449
0.29512
0.29191
0.29088
0.29782
0.29204
0.50049
0.29638
0.29087
0.28973
0.29361
0.2913
0.50233
0.29347
0.29171
0.29211
0.29674
0.28905
0.50332
0.29751
0.28847
0.29533
0.29776
0.29641
0.50606
0.29952
0.29557
0.29726
0.29546
0.29589
0.50558
0.29477
0.28854
0.2917
0.29583
0.29731
0.50139
0.29386
0.29589
0.29413
0.29451
0.29692
0.50116
0.29253
0.29681
0.2911
0.29248
0.29626
0.49468
0.29353
0.2961
0.29509
0.29423
0.2958
0.50327
0.29528
0.29579
0.29475
0.29428
0.29359
0.50278
0.2942
0.29309
0.28972
0.29516
0.29335
0.50125
0.29345
0.29611
0.29985
0.29707
0.29623
0.50646
0.29592
0.3001
0.29853
0.29717
0.2973
0.50807
0.28973
0.29808
0.30049
0.29416
0.29283
0.50497
0.2924
0.29485
0.29178
0.29325
0.29305
0.49988
0.29007
0.29482
0.29028
0.30107
0.28714
0.49724
0.28648
0.29649
0.29357
0.29569
0.29522
0.49638
0.29193
0.29721
0.28985
0.29511
0.29211
0.51107
0.30606
0.2924
0.30741
0.90623
0.29971
0.51674
0.29909
0.3029
0.30428
0.30391
0.31578
0.52186
0.29596
0.29483
0.2842
0.27916
0.28757
0.49717
0.28836
0.29044
0.28635
0.28857
0.28947
0.49977
0.2883
0.29162
0.28636
0.28471
0.28918
0.49882
0.28622
0.28364
0.28866
0.28965
0.77845
0.89484
0.25145
0.66769
0.74206
0.7409
0.73552
0.94299
0.72805
0.64608
0.73057
0.73066
0.72544
0.93672
0.72336
