310.94
1.4656
0.91881
0.7577
0.14456
0.14347
0.83239
0.14433
0.72271
0.72884
0.14509
0.73843
0.96755
0.74901
0.74844
0.73719
0.74594
0.75463
0.9923
0.77278
0.7804
0.7706
0.7617
0.75852
0.98901
0.75138
0.75042
0.78986
0.78059
0.77119
1.0021
0.78056
0.77097
0.78002
0.77554
0.78032
0.98894
0.14191
0.13611
0.14294
0.73886
0.72247
0.94303
0.73695
0.72878
0.73152
0.7354
0.72766
0.93038
0.71384
0.89547
0.71058
0.71367
0.72575
0.9404
0.14442
0.14621
0.14665
0.14558
0.1473
0.36127
0.14628
0.14827
0.14909
0.14753
0.76551
1.2261
0.65304
0.66063
0.66292
0.65928
0.66291
0.65792
0.66019
NaN
NaN
NaN
NaN
311.32
0.79834
0.98287
0.72611
0.72837
0.71901
1.4138
0.71862
0.71894
0.70667
0.71195
0.70674
0.93993
0.69653
0.69308
0.70174
0.70691
0.69184
0.90668
0.67419
0.66614
0.67055
0.66607
0.67588
0.89696
0.67617
0.68841
0.6758
0.67484
0.68635
0.90836
0.68108
0.66842
0.66991
0.6877
0.69433
0.91668
0.68808
0.68044
0.69252
0.68635
0.68018
0.90548
0.67038
0.67488
0.67959
0.69397
0.70195
