307.9
0.75426
0.29458
0.16127
0.15883
0.157
0.85303
0.15931
0.16057
0.15719
0.15768
0.16027
0.38647
0.15653
0.15756
0.15758
0.15968
0.15682
0.38156
0.15718
0.15621
0.15857
0.15766
0.15791
0.38145
0.15732
0.15815
0.15756
0.15536
0.15817
0.37724
0.15815
0.15632
0.15761
0.15829
0.15673
0.37969
0.15679
0.15744
0.15604
0.15016
0.15743
0.38125
0.15682
0.15951
0.15931
0.15897
0.15932
0.38204
0.16076
0.33958
0.16246
0.16271
0.1619
0.38237
0.16046
0.16209
0.16129
0.16161
0.16092
0.38226
0.16247
0.16165
0.16266
0.16151
0.15493
0.38136
0.16115
0.16242
0.16095
0.16093
0.16212
0.38272
0.16063
0.16183
0.167
0.1647
0.16108
0.38031
0.1609
0.16201
0.16083
0.16036
0.1612
0.38296
0.7692
0.16104
0.15927
0.16132
0.16075
0.38288
0.16091
0.16087
0.16027
0.16236
0.15889
0.37883
0.15705
0.15892
0.15903
0.15803
0.15846
0.38043
0.15762
0.15664
0.15726
0.15736
0.15763
0.37682
0.15998
0.15905
0.15756
0.15617
0.15252
0.37804
0.15797
0.15918
0.15708
0.15598
0.15643
0.37951
0.15759
0.15786
0.15884
0.1595
0.15867
0.37906
0.15938
0.16082
0.15882
0.15871
0.16462
0.38049
0.16079
0.16174
0.16062
0.16069
0.16005
0.85876
0.15495
0.16168
0.64382
0.64836
0.64508
0.85923
0.63107
0.63601
0.63524
0.64209
0.65448
0.87053
0.63684
0.63321
0.64078
0.65244
0.64827
0.87171
0.65209
0.65032
0.64827
0.63961
0.63137
0.87475
0.7172
0.64291
0.6371
0.63074
0.63807
0.86113
0.64467
0.64512
0.63507
0.63342
0.64826
0.87568
0.16108
0.1612
0.16236
0.16042
0.64743
0.87131
0.65169
0.65361
0.63548
0.63982
0.71429
0.85776
0.64951
0.64368
0.64348
0.65288
0.64961
0.87616
0.15907
0.16048
0.16157
0.62569
0.16227
0.86218
0.15891
0.16146
0.16093
0.64754
0.64915
0.37403
0.16086
0.16181
0.15933
0.16255
0.16072
0.38195
0.15926
0.16038
0.16229
0.15911
0.16063
0.38554
0.16196
0.15959
0.16118
0.16142
0.162
0.37988
0.16154
0.15992
0.16056
0.15899
0.15981
0.3801
0.15576
0.16048
0.16074
0.16099
0.16048
0.3777
0.16021
0.16161
0.16075
0.15906
0.16075
0.38084
0.16377
0.15744
0.1591
0.15976
0.15925
0.38007
0.15808
0.16051
0.15896
0.15752
0.16018
0.38681
0.15869
0.15712
0.15169
0.15905
0.15766
0.38385
0.15729
0.1579
0.15929
0.15651
0.15913
0.37846
0.15578
0.15909
0.15827
0.15803
0.15735
0.37769
0.15817
0.15678
0.16134
0.16075
0.16073
0.38243
0.16194
0.16206
0.16123
0.16425
0.15279
0.38164
0.16029
0.1624
0.16001
0.16215
0.16392
0.38125
0.16139
0.16141
0.16065
0.16272
0.15948
0.38118
0.15893
0.1602
0.15879
0.16043
0.1618
0.38301
0.16012
0.15969
0.15884
0.15992
0.16004
0.38045
0.15941
0.15979
0.15983
0.15981
0.16032
0.37924
0.1604
0.1623
0.16351
0.16072
0.15928
0.38267
0.1604
0.15985
0.16077
0.1619
0.16049
0.38162
0.16088
0.16273
0.16009
0.16025
0.16127
0.38198
0.15842
0.16012
0.15507
0.16085
0.16121
0.38474
0.16128
0.16027
0.16006
0.16168
0.1604
0.38065
0.15977
0.15988
0.16209
0.15965
0.15862
0.37944
0.16061
0.16078
0.15807
0.15918
0.1608
0.38233
0.15884
0.16031
0.16147
0.15805
0.15274
0.38037
0.16048
0.16074
0.15938
0.1595
0.16153
0.37903
0.15845
0.15943
0.16101
0.15924
0.16236
0.38095
0.15919
0.15965
0.16243
0.15921
0.16017
0.38094
0.16029
0.16176
0.15995
1.257
0.16451
0.61823
0.38337
0.61594
0.16186
0.61496
0.61566
0.16134
0.38431
0.62198
0.62599
0.68993
0.15493
0.15972
0.38284
0.16148
0.16086
0.62577
0.63262
0.62507
0.38541
0.16283
0.16147
0.16067
0.16218
0.16106
0.38427
0.15963
0.16115
0.16379
0.16156
0.15403
0.38399
0.16265
0.15985
0.16052
0.15991
0.15975
0.383
0.15952
0.16196
0.15942
0.15777
0.15766
0.3858
0.16298
0.1617
0.15885
0.16151
0.16243
0.38467
0.15979
0.1611
0.16082
0.16141
0.16053
0.38453
0.1551
0.16028
0.16243
0.16408
0.162
0.38329
0.15982
0.16169
0.16086
0.16216
0.16165
0.38509
0.16275
0.16017
0.15958
0.16218
0.16198
0.38363
0.15901
0.16189
0.16194
0.16035
0.16063
0.38166
0.16248
0.16017
0.15381
0.16198
0.16221
0.38477
0.16003
0.16201
0.16309
0.16087
0.16067
0.38335
0.16201
0.16195
0.15968
0.16071
0.16142
0.37983
0.16034
0.15922
0.16081
0.16075
0.15785
0.38241
0.15825
0.1564
0.16174
0.15753
0.15036
0.37969
0.1569
0.15962
0.15815
0.1567
0.15795
0.38356
0.15915
0.15906
0.16004
0.1603
0.15946
0.38903
0.16319
0.16149
0.16047
0.16089
0.16164
0.38768
0.16045
0.16102
0.16182
0.16165
0.15945
0.38305
0.15395
0.16022
0.16089
0.16155
0.16136
0.38492
0.16003
0.1619
0.16154
0.16042
0.1614
0.38223
0.16113
0.16234
0.16131
0.16201
0.16085
0.38512
0.16117
0.1599
0.16155
0.1607
0.16119
0.38787
0.15918
0.16196
0.15446
0.15894
0.16053
0.38452
0.15956
0.15896
0.15956
0.15969
0.16067
0.38205
0.15765
0.15977
0.1587
0.16189
0.16122
0.38167
0.1614
0.16036
0.16142
0.16298
0.16203
0.38455
0.16126
0.16055
0.16223
0.15941
0.15524
0.38423
0.15991
0.15881
0.16059
0.16093
0.16202
0.38195
0.16274
0.16156
0.15981
0.16346
0.16053
0.38425
0.1594
0.16082
0.16173
0.16234
0.1628
0.37977
0.15934
0.1582
0.15875
0.15988
0.15995
0.38223
0.15193
0.16317
0.16131
0.1588
0.15869
0.38124
0.1599
0.15979
0.15751
0.15675
0.16041
0.38031
0.15698
0.15884
0.15811
0.15874
0.1561
0.38679
0.1576
0.15673
0.15519
0.15632
0.15766
0.37814
0.15697
0.15695
0.1564
0.15742
0.16659
0.38052
0.1567
0.15778
0.15824
0.16401
0.15882
0.38174
0.15874
0.15816
0.16008
0.15907
0.15881
0.37996
0.15735
0.16023
0.16056
0.15943
0.1616
0.38415
0.16304
0.16082
0.15463
0.16185
0.16259
0.38769
0.16015
0.16154
0.16256
0.16251
0.16048
0.38352
0.16194
0.16151
0.16057
0.16036
0.16075
0.38382
0.15884
0.16008
0.16068
0.16048
0.16044
0.39318
0.16145
0.16285
0.16143
0.15959
0.15525
0.38233
0.16236
0.62347
0.62946
0.63763
0.63931
0.85144
0.1609
0.16125
0.16029
0.63323
0.15174
0.38283
0.16361
0.64316
0.64353
0.64447
0.65414
0.86264
0.66992
0.63082
0.62853
0.6344
0.63905
0.856
0.62746
0.63189
0.6312
0.62438
0.64057
0.85571
0.62856
0.62599
0.62759
0.62426
0.16207
0.38139
0.15391
0.15702
0.15993
0.16104
0.15881
0.38105
0.15828
0.15731
0.16035
0.15971
0.16004
0.3805
0.15879
0.63789
0.15951
0.64758
0.1592
0.85859
0.1584
0.15308
0.15874
0.15955
0.64575
0.86223
0.64186
0.15937
0.15961
0.15866
0.6519
0.3806
0.643
0.63914
0.64263
0.64281
0.63916
0.86786
0.64245
0.64017
0.64957
0.65211
0.61973
0.86133
0.63799
0.63029
0.62813
0.63072
0.63587
0.86761
0.65273
0.64323
0.64286
0.63949
0.63417
0.85647
0.63095
0.16098
0.16161
0.15768
0.16059
0.38671
0.63177
0.649
0.65104
0.16295
0.16179
0.38194
0.16017
0.16135
0.16033
0.63661
0.16019
0.38191
0.15312
0.63066
0.15914
0.16172
0.15978
0.86638
0.16181
0.64682
0.65404
0.64781
0.63029
0.85723
0.67817
0.64273
0.64137
0.63693
0.62932
0.8459
0.6238
0.63934
0.72171
0.16015
0.63129
0.38433
0.1613
0.15932
0.16148
0.16314
0.16084
0.38495
0.62349
0.61736
0.62551
0.16084
0.16
0.38422
0.16319
0.16141
0.16053
0.16111
0.16261
0.38631
0.16118
0.16015
0.16192
0.16231
0.1623
0.38328
0.16111
0.16116
0.63633
0.16196
0.16011
0.38166
0.15395
0.16129
0.15907
0.1609
0.16129
0.38222
0.15927
0.16067
0.16251
0.16308
0.15937
0.38318
0.16542
0.16103
0.62541
0.15919
0.63065
0.38601
0.16018
0.16146
0.162
0.15977
0.1561
0.3826
0.16146
0.15873
0.64144
0.16193
0.62914
0.3868
0.1607
0.15932
0.16228
0.16091
0.16235
0.3809
0.16166
0.16231
0.16218
0.16042
0.16201
0.38405
0.15726
0.16032
0.16151
0.16293
0.16229
0.397
0.1606
0.16129
0.16255
0.15936
0.1603
0.38508
0.16117
0.1606
0.16001
0.16135
0.16214
0.38484
0.63789
0.16041
0.62064
0.61356
0.16073
0.3836
0.16061
0.1614
0.16106
0.16021
0.16047
0.38516
0.16042
0.15988
0.16116
0.1614
0.16442
0.38084
0.16068
0.16004
0.16107
0.16025
0.16026
0.38134
0.16084
0.16181
0.15448
0.16082
0.16094
0.3833
0.16111
0.16182
0.16063
0.15935
0.16095
0.38492
0.16045
0.15989
0.16128
0.16096
0.16064
0.38223
0.16023
0.16158
0.15974
0.16134
0.1626
0.38365
0.16022
0.16001
0.16014
0.16305
0.15362
0.38394
0.16041
0.16044
0.16153
0.16218
0.16184
0.38388
0.15931
0.16046
0.16237
0.16141
0.15992
0.38089
0.16071
0.15832
0.16013
0.15977
0.15888
0.37868
0.1591
0.16032
0.16164
0.15812
0.15874
0.38272
0.15481
0.15773
0.15946
0.15983
0.15799
0.38373
0.15843
0.1582
0.15867
0.15814
0.15959
0.3813
0.15807
0.15973
0.15885
0.16096
0.16066
0.38106
0.16177
0.16021
0.16172
0.16271
0.16225
0.3829
0.15984
0.16179
0.15585
0.16043
0.16137
0.38319
0.16088
0.16093
0.16072
0.16096
0.16252
0.38248
0.15868
0.16095
0.16118
0.16021
0.15957
0.38453
0.16062
0.16149
0.15957
0.16015
0.161
0.3809
0.16194
0.15994
0.1611
0.16141
0.1561
0.38429
0.16132
0.16165
0.16221
0.16285
0.16101
0.38492
0.1621
0.16367
0.16033
0.16151
0.16149
0.38314
0.16086
