1
150.0000,207.0000,180.0000,207.0000,180.0000,306.0000,150.0000,306.0000
150.0000,207.0000,180.0000,207.0000,180.0000,304.0000,150.0000,304.0000
150.0000,206.0000,180.0000,206.0000,180.0000,305.0000,150.0000,305.0000
150.0000,207.0000,180.0000,207.0000,180.0000,304.0000,150.0000,304.0000
150.0000,208.0000,180.0000,208.0000,180.0000,305.0000,150.0000,305.0000
150.0000,207.0000,180.0000,207.0000,180.0000,306.0000,150.0000,306.0000
150.0000,207.0000,180.0000,207.0000,180.0000,306.0000,150.0000,306.0000
150.0000,207.0000,180.0000,207.0000,180.0000,306.0000,150.0000,306.0000
150.0000,208.0000,180.0000,208.0000,180.0000,305.0000,150.0000,305.0000
150.0000,207.0000,180.0000,207.0000,180.0000,306.0000,150.0000,306.0000
150.0000,207.0000,180.0000,207.0000,180.0000,306.0000,150.0000,306.0000
150.0000,207.0000,180.0000,207.0000,180.0000,306.0000,150.0000,306.0000
150.0000,207.0000,180.0000,207.0000,180.0000,305.0000,150.0000,305.0000
150.0000,208.0000,180.0000,208.0000,180.0000,305.0000,150.0000,305.0000
150.0000,207.0000,180.0000,207.0000,180.0000,306.0000,150.0000,306.0000
150.0000,207.0000,180.0000,207.0000,180.0000,306.0000,150.0000,306.0000
150.0000,208.0000,180.0000,208.0000,180.0000,305.0000,150.0000,305.0000
150.0000,208.0000,180.0000,208.0000,180.0000,305.0000,150.0000,305.0000
150.0000,208.0000,180.0000,208.0000,180.0000,305.0000,150.0000,305.0000
150.0000,207.0000,180.0000,207.0000,180.0000,305.0000,150.0000,305.0000
150.0000,207.0000,180.0000,207.0000,180.0000,306.0000,150.0000,306.0000
150.0000,208.0000,180.0000,208.0000,180.0000,305.0000,150.0000,305.0000
150.0000,207.0000,180.0000,207.0000,180.0000,306.0000,150.0000,306.0000
150.0000,207.0000,180.0000,207.0000,180.0000,306.0000,150.0000,306.0000
150.0000,207.0000,180.0000,207.0000,180.0000,306.0000,150.0000,306.0000
150.0000,207.0000,180.0000,207.0000,180.0000,306.0000,150.0000,306.0000
150.0000,207.0000,180.0000,207.0000,180.0000,306.0000,150.0000,306.0000
150.0000,207.0000,180.0000,207.0000,180.0000,306.0000,150.0000,306.0000
150.0000,208.0000,180.0000,208.0000,180.0000,305.0000,150.0000,305.0000
150.0000,207.0000,180.0000,207.0000,180.0000,306.0000,150.0000,306.0000
150.0000,207.0000,180.0000,207.0000,180.0000,306.0000,150.0000,306.0000
150.0000,207.0000,180.0000,207.0000,180.0000,306.0000,150.0000,306.0000
150.0000,207.0000,180.0000,207.0000,180.0000,306.0000,150.0000,306.0000
150.0000,207.0000,180.0000,207.0000,180.0000,306.0000,150.0000,306.0000
150.0000,206.0000,180.0000,206.0000,180.0000,305.0000,150.0000,305.0000
150.0000,206.0000,180.0000,206.0000,180.0000,305.0000,150.0000,305.0000
150.0000,207.0000,180.0000,207.0000,180.0000,305.0000,150.0000,305.0000
150.0000,207.0000,180.0000,207.0000,180.0000,306.0000,150.0000,306.0000
150.0000,207.0000,180.0000,207.0000,180.0000,306.0000,150.0000,306.0000
150.0000,207.0000,180.0000,207.0000,180.0000,304.0000,150.0000,304.0000
150.0000,207.0000,180.0000,207.0000,180.0000,304.0000,150.0000,304.0000
150.0000,207.0000,180.0000,207.0000,180.0000,305.0000,150.0000,305.0000
150.0000,207.0000,180.0000,207.0000,180.0000,306.0000,150.0000,306.0000
150.0000,207.0000,180.0000,207.0000,180.0000,306.0000,150.0000,306.0000
150.0000,207.0000,180.0000,207.0000,180.0000,306.0000,150.0000,306.0000
150.0000,207.0000,180.0000,207.0000,180.0000,306.0000,150.0000,306.0000
150.0000,207.0000,180.0000,207.0000,180.0000,306.0000,150.0000,306.0000
150.0000,207.0000,180.0000,207.0000,180.0000,306.0000,150.0000,306.0000
150.0000,207.0000,180.0000,207.0000,180.0000,305.0000,150.0000,305.0000
150.0000,207.0000,180.0000,207.0000,180.0000,306.0000,150.0000,306.0000
150.0000,207.0000,180.0000,207.0000,180.0000,306.0000,150.0000,306.0000
150.0000,208.0000,180.0000,208.0000,180.0000,305.0000,150.0000,305.0000
150.0000,208.0000,180.0000,208.0000,180.0000,305.0000,150.0000,305.0000
150.0000,208.0000,180.0000,208.0000,180.0000,305.0000,150.0000,305.0000
150.0000,207.0000,180.0000,207.0000,180.0000,306.0000,150.0000,306.0000
150.0000,208.0000,180.0000,208.0000,180.0000,305.0000,150.0000,305.0000
150.0000,207.0000,180.0000,207.0000,180.0000,306.0000,150.0000,306.0000
150.0000,207.0000,180.0000,207.0000,180.0000,306.0000,150.0000,306.0000
150.0000,207.0000,180.0000,207.0000,180.0000,306.0000,150.0000,306.0000
150.0000,207.0000,180.0000,207.0000,180.0000,306.0000,150.0000,306.0000
150.0000,207.0000,180.0000,207.0000,180.0000,306.0000,150.0000,306.0000
150.0000,208.0000,180.0000,208.0000,180.0000,305.0000,150.0000,305.0000
150.0000,207.0000,180.0000,207.0000,180.0000,306.0000,150.0000,306.0000
150.0000,207.0000,180.0000,207.0000,180.0000,306.0000,150.0000,306.0000
150.0000,208.0000,180.0000,208.0000,180.0000,305.0000,150.0000,305.0000
150.0000,207.0000,180.0000,207.0000,180.0000,306.0000,150.0000,306.0000
150.0000,208.0000,180.0000,208.0000,180.0000,305.0000,150.0000,305.0000
150.0000,207.0000,180.0000,207.0000,180.0000,304.0000,150.0000,304.0000
150.0000,208.0000,180.0000,208.0000,180.0000,305.0000,150.0000,305.0000
150.0000,207.0000,180.0000,207.0000,180.0000,306.0000,150.0000,306.0000
150.0000,207.0000,180.0000,207.0000,180.0000,306.0000,150.0000,306.0000
150.0000,208.0000,180.0000,208.0000,180.0000,305.0000,150.0000,305.0000
150.0000,206.0000,180.0000,206.0000,180.0000,305.0000,150.0000,305.0000
150.0000,207.0000,180.0000,207.0000,180.0000,306.0000,150.0000,306.0000
150.0000,207.0000,180.0000,207.0000,180.0000,306.0000,150.0000,306.0000
150.0000,207.0000,180.0000,207.0000,180.0000,306.0000,150.0000,306.0000
150.0000,207.0000,180.0000,207.0000,180.0000,306.0000,150.0000,306.0000
150.0000,208.0000,180.0000,208.0000,180.0000,305.0000,150.0000,305.0000
151.0000,208.0000,180.0000,208.0000,180.0000,305.0000,151.0000,305.0000
150.0000,207.0000,181.0000,207.0000,181.0000,306.0000,150.0000,306.0000
151.0000,207.0000,181.0000,207.0000,181.0000,306.0000,151.0000,306.0000
151.0000,207.0000,181.0000,207.0000,181.0000,306.0000,151.0000,306.0000
151.0000,208.0000,181.0000,208.0000,181.0000,305.0000,151.0000,305.0000
151.0000,208.0000,181.0000,208.0000,181.0000,305.0000,151.0000,305.0000
151.0000,208.0000,181.0000,208.0000,181.0000,305.0000,151.0000,305.0000
150.0000,207.0000,181.0000,207.0000,181.0000,306.0000,150.0000,306.0000
151.0000,208.0000,180.0000,208.0000,180.0000,305.0000,151.0000,305.0000
150.0000,209.0000,180.0000,209.0000,180.0000,305.0000,150.0000,305.0000
150.0000,207.0000,180.0000,207.0000,180.0000,306.0000,150.0000,306.0000
150.0000,208.0000,180.0000,208.0000,180.0000,305.0000,150.0000,305.0000
150.0000,207.0000,180.0000,207.0000,180.0000,306.0000,150.0000,306.0000
150.0000,207.0000,180.0000,207.0000,180.0000,306.0000,150.0000,306.0000
150.0000,208.0000,180.0000,208.0000,180.0000,305.0000,150.0000,305.0000
150.0000,208.0000,180.0000,208.0000,180.0000,305.0000,150.0000,305.0000
150.0000,208.0000,180.0000,208.0000,180.0000,305.0000,150.0000,305.0000
150.0000,208.0000,180.0000,208.0000,180.0000,305.0000,150.0000,305.0000
150.0000,208.0000,179.0000,208.0000,179.0000,305.0000,150.0000,305.0000
150.0000,207.0000,180.0000,207.0000,180.0000,305.0000,150.0000,305.0000
150.0000,207.0000,180.0000,207.0000,180.0000,305.0000,150.0000,305.0000
150.0000,207.0000,180.0000,207.0000,180.0000,306.0000,150.0000,306.0000
150.0000,207.0000,180.0000,207.0000,180.0000,306.0000,150.0000,306.0000
150.0000,207.0000,180.0000,207.0000,180.0000,305.0000,150.0000,305.0000
150.0000,207.0000,180.0000,207.0000,180.0000,306.0000,150.0000,306.0000
150.0000,206.0000,180.0000,206.0000,180.0000,305.0000,150.0000,305.0000
150.0000,206.0000,180.0000,206.0000,180.0000,305.0000,150.0000,305.0000
150.0000,206.0000,180.0000,206.0000,180.0000,305.0000,150.0000,305.0000
150.0000,206.0000,180.0000,206.0000,180.0000,305.0000,150.0000,305.0000
150.0000,206.0000,180.0000,206.0000,180.0000,305.0000,150.0000,305.0000
150.0000,206.0000,180.0000,206.0000,180.0000,305.0000,150.0000,305.0000
150.0000,206.0000,180.0000,206.0000,180.0000,305.0000,150.0000,305.0000
150.0000,206.0000,180.0000,206.0000,180.0000,305.0000,150.0000,305.0000
150.0000,206.0000,180.0000,206.0000,180.0000,305.0000,150.0000,305.0000
150.0000,208.0000,180.0000,208.0000,180.0000,305.0000,150.0000,305.0000
150.0000,209.0000,180.0000,209.0000,180.0000,306.0000,150.0000,306.0000
151.0000,208.0000,181.0000,208.0000,181.0000,307.0000,151.0000,307.0000
151.0000,208.0000,181.0000,208.0000,181.0000,307.0000,151.0000,307.0000
151.0000,208.0000,181.0000,208.0000,181.0000,307.0000,151.0000,307.0000
151.0000,208.0000,181.0000,208.0000,181.0000,305.0000,151.0000,305.0000
150.0000,207.0000,181.0000,207.0000,181.0000,306.0000,150.0000,306.0000
150.0000,207.0000,181.0000,207.0000,181.0000,306.0000,150.0000,306.0000
151.0000,208.0000,180.0000,208.0000,180.0000,305.0000,151.0000,305.0000
150.0000,207.0000,181.0000,207.0000,181.0000,306.0000,150.0000,306.0000
150.0000,207.0000,181.0000,207.0000,181.0000,306.0000,150.0000,306.0000
150.0000,207.0000,181.0000,207.0000,181.0000,306.0000,150.0000,306.0000
151.0000,208.0000,180.0000,208.0000,180.0000,305.0000,151.0000,305.0000
150.0000,207.0000,181.0000,207.0000,181.0000,306.0000,150.0000,306.0000
151.0000,208.0000,180.0000,208.0000,180.0000,305.0000,151.0000,305.0000
151.0000,208.0000,180.0000,208.0000,180.0000,305.0000,151.0000,305.0000
151.0000,208.0000,180.0000,208.0000,180.0000,305.0000,151.0000,305.0000
150.0000,207.0000,181.0000,207.0000,181.0000,306.0000,150.0000,306.0000
151.0000,208.0000,181.0000,208.0000,181.0000,305.0000,151.0000,305.0000
151.0000,207.0000,181.0000,207.0000,181.0000,306.0000,151.0000,306.0000
151.0000,207.0000,181.0000,207.0000,181.0000,306.0000,151.0000,306.0000
151.0000,208.0000,181.0000,208.0000,181.0000,305.0000,151.0000,305.0000
151.0000,208.0000,180.0000,208.0000,180.0000,305.0000,151.0000,305.0000
150.0000,207.0000,181.0000,207.0000,181.0000,306.0000,150.0000,306.0000
150.0000,207.0000,181.0000,207.0000,181.0000,306.0000,150.0000,306.0000
151.0000,208.0000,181.0000,208.0000,181.0000,305.0000,151.0000,305.0000
151.0000,207.0000,181.0000,207.0000,181.0000,306.0000,151.0000,306.0000
151.0000,207.0000,181.0000,207.0000,181.0000,306.0000,151.0000,306.0000
151.0000,207.0000,181.0000,207.0000,181.0000,306.0000,151.0000,306.0000
151.0000,208.0000,181.0000,208.0000,181.0000,305.0000,151.0000,305.0000
151.0000,208.0000,181.0000,208.0000,181.0000,306.0000,151.0000,306.0000
151.0000,207.0000,181.0000,207.0000,181.0000,306.0000,151.0000,306.0000
151.0000,208.0000,181.0000,208.0000,181.0000,305.0000,151.0000,305.0000
151.0000,207.0000,181.0000,207.0000,181.0000,306.0000,151.0000,306.0000
151.0000,208.0000,181.0000,208.0000,181.0000,307.0000,151.0000,307.0000
151.0000,208.0000,181.0000,208.0000,181.0000,307.0000,151.0000,307.0000
150.0000,208.0000,181.0000,208.0000,181.0000,307.0000,150.0000,307.0000
150.0000,208.0000,181.0000,208.0000,181.0000,307.0000,150.0000,307.0000
151.0000,208.0000,181.0000,208.0000,181.0000,307.0000,151.0000,307.0000
151.0000,208.0000,181.0000,208.0000,181.0000,307.0000,151.0000,307.0000
150.0000,208.0000,181.0000,208.0000,181.0000,307.0000,150.0000,307.0000
150.0000,208.0000,181.0000,208.0000,181.0000,307.0000,150.0000,307.0000
151.0000,208.0000,181.0000,208.0000,181.0000,307.0000,151.0000,307.0000
151.0000,208.0000,181.0000,208.0000,181.0000,307.0000,151.0000,307.0000
151.0000,208.0000,181.0000,208.0000,181.0000,307.0000,151.0000,307.0000
151.0000,208.0000,181.0000,208.0000,181.0000,307.0000,151.0000,307.0000
151.0000,208.0000,181.0000,208.0000,181.0000,307.0000,151.0000,307.0000
151.0000,208.0000,181.0000,208.0000,181.0000,307.0000,151.0000,307.0000
151.0000,208.0000,181.0000,208.0000,181.0000,307.0000,151.0000,307.0000
151.0000,208.0000,181.0000,208.0000,181.0000,307.0000,151.0000,307.0000
151.0000,208.0000,181.0000,208.0000,181.0000,307.0000,151.0000,307.0000
151.0000,208.0000,181.0000,208.0000,181.0000,307.0000,151.0000,307.0000
150.0000,208.0000,181.0000,208.0000,181.0000,307.0000,150.0000,307.0000
150.0000,208.0000,181.0000,208.0000,181.0000,307.0000,150.0000,307.0000
151.0000,208.0000,181.0000,208.0000,181.0000,307.0000,151.0000,307.0000
150.0000,208.0000,181.0000,208.0000,181.0000,307.0000,150.0000,307.0000
150.0000,208.0000,181.0000,208.0000,181.0000,307.0000,150.0000,307.0000
150.0000,208.0000,181.0000,208.0000,181.0000,307.0000,150.0000,307.0000
150.0000,208.0000,180.0000,208.0000,180.0000,307.0000,150.0000,307.0000
150.0000,207.0000,181.0000,207.0000,181.0000,308.0000,150.0000,308.0000
150.0000,208.0000,180.0000,208.0000,180.0000,307.0000,150.0000,307.0000
150.0000,208.0000,181.0000,208.0000,181.0000,307.0000,150.0000,307.0000
150.0000,208.0000,181.0000,208.0000,181.0000,307.0000,150.0000,307.0000
150.0000,208.0000,181.0000,208.0000,181.0000,307.0000,150.0000,307.0000
150.0000,208.0000,180.0000,208.0000,180.0000,307.0000,150.0000,307.0000
150.0000,207.0000,181.0000,207.0000,181.0000,308.0000,150.0000,308.0000
150.0000,208.0000,180.0000,208.0000,180.0000,307.0000,150.0000,307.0000
150.0000,208.0000,180.0000,208.0000,180.0000,307.0000,150.0000,307.0000
150.0000,208.0000,180.0000,208.0000,180.0000,307.0000,150.0000,307.0000
150.0000,208.0000,181.0000,208.0000,181.0000,307.0000,150.0000,307.0000
150.0000,208.0000,181.0000,208.0000,181.0000,307.0000,150.0000,307.0000
150.0000,208.0000,180.0000,208.0000,180.0000,307.0000,150.0000,307.0000
150.0000,208.0000,181.0000,208.0000,181.0000,307.0000,150.0000,307.0000
150.0000,208.0000,180.0000,208.0000,180.0000,307.0000,150.0000,307.0000
150.0000,208.0000,180.0000,208.0000,180.0000,307.0000,150.0000,307.0000
150.0000,208.0000,180.0000,208.0000,180.0000,307.0000,150.0000,307.0000
150.0000,208.0000,180.0000,208.0000,180.0000,307.0000,150.0000,307.0000
150.0000,209.0000,180.0000,209.0000,180.0000,306.0000,150.0000,306.0000
150.0000,208.0000,180.0000,208.0000,180.0000,307.0000,150.0000,307.0000
150.0000,208.0000,180.0000,208.0000,180.0000,307.0000,150.0000,307.0000
150.0000,208.0000,180.0000,208.0000,180.0000,307.0000,150.0000,307.0000
150.0000,208.0000,180.0000,208.0000,180.0000,307.0000,150.0000,307.0000
150.0000,207.0000,181.0000,207.0000,181.0000,308.0000,150.0000,308.0000
150.0000,207.0000,181.0000,207.0000,181.0000,308.0000,150.0000,308.0000
150.0000,207.0000,181.0000,207.0000,181.0000,308.0000,150.0000,308.0000
150.0000,208.0000,180.0000,208.0000,180.0000,307.0000,150.0000,307.0000
150.0000,207.0000,181.0000,207.0000,181.0000,308.0000,150.0000,308.0000
150.0000,207.0000,181.0000,207.0000,181.0000,306.0000,150.0000,306.0000
150.0000,207.0000,181.0000,207.0000,181.0000,306.0000,150.0000,306.0000
150.0000,207.0000,181.0000,207.0000,181.0000,306.0000,150.0000,306.0000
150.0000,207.0000,181.0000,207.0000,181.0000,306.0000,150.0000,306.0000
150.0000,207.0000,181.0000,207.0000,181.0000,306.0000,150.0000,306.0000
150.0000,207.0000,181.0000,207.0000,181.0000,306.0000,150.0000,306.0000
151.0000,208.0000,181.0000,208.0000,181.0000,307.0000,151.0000,307.0000
151.0000,208.0000,181.0000,208.0000,181.0000,307.0000,151.0000,307.0000
151.0000,208.0000,181.0000,208.0000,181.0000,307.0000,151.0000,307.0000
151.0000,208.0000,181.0000,208.0000,181.0000,307.0000,151.0000,307.0000
151.0000,208.0000,181.0000,208.0000,181.0000,307.0000,151.0000,307.0000
151.0000,208.0000,181.0000,208.0000,181.0000,307.0000,151.0000,307.0000
150.0000,208.0000,181.0000,208.0000,181.0000,307.0000,150.0000,307.0000
150.0000,208.0000,181.0000,208.0000,181.0000,307.0000,150.0000,307.0000
150.0000,208.0000,181.0000,208.0000,181.0000,307.0000,150.0000,307.0000
150.0000,208.0000,181.0000,208.0000,181.0000,307.0000,150.0000,307.0000
150.0000,208.0000,181.0000,208.0000,181.0000,307.0000,150.0000,307.0000
151.0000,208.0000,181.0000,208.0000,181.0000,307.0000,151.0000,307.0000
150.0000,208.0000,181.0000,208.0000,181.0000,307.0000,150.0000,307.0000
150.0000,207.0000,181.0000,207.0000,181.0000,306.0000,150.0000,306.0000
150.0000,206.0000,181.0000,206.0000,181.0000,307.0000,150.0000,307.0000
150.0000,207.0000,181.0000,207.0000,181.0000,306.0000,150.0000,306.0000
150.0000,206.0000,181.0000,206.0000,181.0000,307.0000,150.0000,307.0000
150.0000,207.0000,181.0000,207.0000,181.0000,306.0000,150.0000,306.0000
150.0000,206.0000,181.0000,206.0000,181.0000,307.0000,150.0000,307.0000
151.0000,208.0000,181.0000,208.0000,181.0000,307.0000,151.0000,307.0000
150.0000,207.0000,181.0000,207.0000,181.0000,306.0000,150.0000,306.0000
151.0000,208.0000,181.0000,208.0000,181.0000,307.0000,151.0000,307.0000
151.0000,208.0000,181.0000,208.0000,181.0000,307.0000,151.0000,307.0000
151.0000,207.0000,181.0000,207.0000,181.0000,306.0000,151.0000,306.0000
151.0000,208.0000,181.0000,208.0000,181.0000,307.0000,151.0000,307.0000
151.0000,208.0000,181.0000,208.0000,181.0000,307.0000,151.0000,307.0000
150.0000,208.0000,181.0000,208.0000,181.0000,307.0000,150.0000,307.0000
150.0000,208.0000,181.0000,208.0000,181.0000,307.0000,150.0000,307.0000
150.0000,208.0000,181.0000,208.0000,181.0000,307.0000,150.0000,307.0000
151.0000,208.0000,181.0000,208.0000,181.0000,307.0000,151.0000,307.0000
151.0000,208.0000,181.0000,208.0000,181.0000,307.0000,151.0000,307.0000
151.0000,208.0000,181.0000,208.0000,181.0000,307.0000,151.0000,307.0000
150.0000,208.0000,181.0000,208.0000,181.0000,307.0000,150.0000,307.0000
150.0000,208.0000,181.0000,208.0000,181.0000,307.0000,150.0000,307.0000
151.0000,208.0000,181.0000,208.0000,181.0000,307.0000,151.0000,307.0000
151.0000,208.0000,181.0000,208.0000,181.0000,307.0000,151.0000,307.0000
151.0000,208.0000,181.0000,208.0000,181.0000,307.0000,151.0000,307.0000
150.0000,208.0000,181.0000,208.0000,181.0000,307.0000,150.0000,307.0000
150.0000,208.0000,181.0000,208.0000,181.0000,307.0000,150.0000,307.0000
150.0000,208.0000,181.0000,208.0000,181.0000,307.0000,150.0000,307.0000
150.0000,208.0000,181.0000,208.0000,181.0000,307.0000,150.0000,307.0000
150.0000,208.0000,181.0000,208.0000,181.0000,307.0000,150.0000,307.0000
150.0000,208.0000,181.0000,208.0000,181.0000,307.0000,150.0000,307.0000
150.0000,208.0000,181.0000,208.0000,181.0000,307.0000,150.0000,307.0000
150.0000,208.0000,180.0000,208.0000,180.0000,307.0000,150.0000,307.0000
150.0000,208.0000,181.0000,208.0000,181.0000,307.0000,150.0000,307.0000
150.0000,208.0000,181.0000,208.0000,181.0000,307.0000,150.0000,307.0000
150.0000,208.0000,180.0000,208.0000,180.0000,307.0000,150.0000,307.0000
150.0000,208.0000,181.0000,208.0000,181.0000,307.0000,150.0000,307.0000
150.0000,208.0000,181.0000,208.0000,181.0000,307.0000,150.0000,307.0000
150.0000,208.0000,181.0000,208.0000,181.0000,307.0000,150.0000,307.0000
151.0000,208.0000,181.0000,208.0000,181.0000,307.0000,151.0000,307.0000
151.0000,208.0000,181.0000,208.0000,181.0000,307.0000,151.0000,307.0000
151.0000,208.0000,181.0000,208.0000,181.0000,307.0000,151.0000,307.0000
151.0000,208.0000,181.0000,208.0000,181.0000,307.0000,151.0000,307.0000
151.0000,208.0000,181.0000,208.0000,181.0000,307.0000,151.0000,307.0000
151.0000,208.0000,181.0000,208.0000,181.0000,307.0000,151.0000,307.0000
151.0000,208.0000,181.0000,208.0000,181.0000,307.0000,151.0000,307.0000
151.0000,208.0000,181.0000,208.0000,181.0000,307.0000,151.0000,307.0000
151.0000,208.0000,181.0000,208.0000,181.0000,307.0000,151.0000,307.0000
151.0000,208.0000,181.0000,208.0000,181.0000,307.0000,151.0000,307.0000
151.0000,208.0000,181.0000,208.0000,181.0000,307.0000,151.0000,307.0000
151.0000,208.0000,181.0000,208.0000,181.0000,307.0000,151.0000,307.0000
151.0000,208.0000,181.0000,208.0000,181.0000,307.0000,151.0000,307.0000
151.0000,208.0000,181.0000,208.0000,181.0000,307.0000,151.0000,307.0000
150.0000,208.0000,181.0000,208.0000,181.0000,307.0000,150.0000,307.0000
150.0000,208.0000,181.0000,208.0000,181.0000,307.0000,150.0000,307.0000
151.0000,208.0000,181.0000,208.0000,181.0000,307.0000,151.0000,307.0000
151.0000,208.0000,181.0000,208.0000,181.0000,307.0000,151.0000,307.0000
151.0000,208.0000,181.0000,208.0000,181.0000,307.0000,151.0000,307.0000
150.0000,206.0000,181.0000,206.0000,181.0000,308.0000,150.0000,308.0000
150.0000,207.0000,181.0000,207.0000,181.0000,308.0000,150.0000,308.0000
150.0000,208.0000,181.0000,208.0000,181.0000,307.0000,150.0000,307.0000
150.0000,206.0000,181.0000,206.0000,181.0000,308.0000,150.0000,308.0000
150.0000,208.0000,180.0000,208.0000,180.0000,307.0000,150.0000,307.0000
150.0000,208.0000,180.0000,208.0000,180.0000,307.0000,150.0000,307.0000
150.0000,208.0000,180.0000,208.0000,180.0000,307.0000,150.0000,307.0000
150.0000,207.0000,181.0000,207.0000,181.0000,308.0000,150.0000,308.0000
150.0000,208.0000,180.0000,208.0000,180.0000,307.0000,150.0000,307.0000
150.0000,208.0000,180.0000,208.0000,180.0000,307.0000,150.0000,307.0000
150.0000,208.0000,180.0000,208.0000,180.0000,307.0000,150.0000,307.0000
150.0000,208.0000,180.0000,208.0000,180.0000,307.0000,150.0000,307.0000
150.0000,208.0000,181.0000,208.0000,181.0000,307.0000,150.0000,307.0000
150.0000,208.0000,181.0000,208.0000,181.0000,307.0000,150.0000,307.0000
150.0000,208.0000,181.0000,208.0000,181.0000,307.0000,150.0000,307.0000
150.0000,208.0000,181.0000,208.0000,181.0000,307.0000,150.0000,307.0000
150.0000,208.0000,181.0000,208.0000,181.0000,307.0000,150.0000,307.0000
150.0000,208.0000,181.0000,208.0000,181.0000,307.0000,150.0000,307.0000
150.0000,208.0000,181.0000,208.0000,181.0000,307.0000,150.0000,307.0000
150.0000,208.0000,181.0000,208.0000,181.0000,307.0000,150.0000,307.0000
150.0000,208.0000,181.0000,208.0000,181.0000,307.0000,150.0000,307.0000
150.0000,208.0000,181.0000,208.0000,181.0000,307.0000,150.0000,307.0000
150.0000,208.0000,181.0000,208.0000,181.0000,307.0000,150.0000,307.0000
150.0000,208.0000,181.0000,208.0000,181.0000,307.0000,150.0000,307.0000
150.0000,208.0000,181.0000,208.0000,181.0000,307.0000,150.0000,307.0000
150.0000,208.0000,181.0000,208.0000,181.0000,307.0000,150.0000,307.0000
150.0000,208.0000,181.0000,208.0000,181.0000,307.0000,150.0000,307.0000
150.0000,208.0000,181.0000,208.0000,181.0000,307.0000,150.0000,307.0000
150.0000,208.0000,181.0000,208.0000,181.0000,307.0000,150.0000,307.0000
150.0000,208.0000,181.0000,208.0000,181.0000,307.0000,150.0000,307.0000
150.0000,208.0000,181.0000,208.0000,181.0000,307.0000,150.0000,307.0000
150.0000,208.0000,181.0000,208.0000,181.0000,307.0000,150.0000,307.0000
150.0000,208.0000,181.0000,208.0000,181.0000,307.0000,150.0000,307.0000
150.0000,208.0000,181.0000,208.0000,181.0000,307.0000,150.0000,307.0000
150.0000,208.0000,181.0000,208.0000,181.0000,307.0000,150.0000,307.0000
150.0000,208.0000,181.0000,208.0000,181.0000,307.0000,150.0000,307.0000
150.0000,208.0000,181.0000,208.0000,181.0000,307.0000,150.0000,307.0000
150.0000,208.0000,181.0000,208.0000,181.0000,307.0000,150.0000,307.0000
150.0000,208.0000,181.0000,208.0000,181.0000,307.0000,150.0000,307.0000
150.0000,208.0000,181.0000,208.0000,181.0000,307.0000,150.0000,307.0000
150.0000,208.0000,181.0000,208.0000,181.0000,307.0000,150.0000,307.0000
150.0000,208.0000,181.0000,208.0000,181.0000,307.0000,150.0000,307.0000
150.0000,208.0000,181.0000,208.0000,181.0000,307.0000,150.0000,307.0000
150.0000,208.0000,181.0000,208.0000,181.0000,307.0000,150.0000,307.0000
150.0000,208.0000,181.0000,208.0000,181.0000,307.0000,150.0000,307.0000
150.0000,208.0000,181.0000,208.0000,181.0000,307.0000,150.0000,307.0000
150.0000,208.0000,181.0000,208.0000,181.0000,307.0000,150.0000,307.0000
150.0000,208.0000,181.0000,208.0000,181.0000,307.0000,150.0000,307.0000
150.0000,208.0000,181.0000,208.0000,181.0000,307.0000,150.0000,307.0000
151.0000,208.0000,181.0000,208.0000,181.0000,307.0000,151.0000,307.0000
151.0000,208.0000,181.0000,208.0000,181.0000,307.0000,151.0000,307.0000
150.0000,208.0000,181.0000,208.0000,181.0000,307.0000,150.0000,307.0000
150.0000,208.0000,181.0000,208.0000,181.0000,307.0000,150.0000,307.0000
150.0000,208.0000,181.0000,208.0000,181.0000,307.0000,150.0000,307.0000
150.0000,208.0000,181.0000,208.0000,181.0000,307.0000,150.0000,307.0000
150.0000,208.0000,181.0000,208.0000,181.0000,307.0000,150.0000,307.0000
150.0000,208.0000,181.0000,208.0000,181.0000,307.0000,150.0000,307.0000
150.0000,208.0000,181.0000,208.0000,181.0000,307.0000,150.0000,307.0000
150.0000,208.0000,181.0000,208.0000,181.0000,307.0000,150.0000,307.0000
150.0000,208.0000,181.0000,208.0000,181.0000,307.0000,150.0000,307.0000
150.0000,208.0000,181.0000,208.0000,181.0000,307.0000,150.0000,307.0000
151.0000,208.0000,181.0000,208.0000,181.0000,307.0000,151.0000,307.0000
150.0000,208.0000,181.0000,208.0000,181.0000,307.0000,150.0000,307.0000
150.0000,208.0000,181.0000,208.0000,181.0000,307.0000,150.0000,307.0000
150.0000,208.0000,181.0000,208.0000,181.0000,307.0000,150.0000,307.0000
150.0000,208.0000,181.0000,208.0000,181.0000,307.0000,150.0000,307.0000
150.0000,208.0000,180.0000,208.0000,180.0000,307.0000,150.0000,307.0000
150.0000,208.0000,180.0000,208.0000,180.0000,307.0000,150.0000,307.0000
150.0000,208.0000,180.0000,208.0000,180.0000,307.0000,150.0000,307.0000
150.0000,208.0000,180.0000,208.0000,180.0000,307.0000,150.0000,307.0000
150.0000,208.0000,180.0000,208.0000,180.0000,307.0000,150.0000,307.0000
150.0000,208.0000,180.0000,208.0000,180.0000,307.0000,150.0000,307.0000
150.0000,208.0000,181.0000,208.0000,181.0000,307.0000,150.0000,307.0000
150.0000,208.0000,181.0000,208.0000,181.0000,307.0000,150.0000,307.0000
150.0000,208.0000,181.0000,208.0000,181.0000,307.0000,150.0000,307.0000
151.0000,208.0000,181.0000,208.0000,181.0000,307.0000,151.0000,307.0000
151.0000,208.0000,181.0000,208.0000,181.0000,307.0000,151.0000,307.0000
151.0000,208.0000,181.0000,208.0000,181.0000,307.0000,151.0000,307.0000
151.0000,208.0000,181.0000,208.0000,181.0000,307.0000,151.0000,307.0000
151.0000,208.0000,181.0000,208.0000,181.0000,307.0000,151.0000,307.0000
151.0000,208.0000,181.0000,208.0000,181.0000,307.0000,151.0000,307.0000
151.0000,208.0000,181.0000,208.0000,181.0000,307.0000,151.0000,307.0000
151.0000,208.0000,181.0000,208.0000,181.0000,307.0000,151.0000,307.0000
151.0000,208.0000,181.0000,208.0000,181.0000,307.0000,151.0000,307.0000
151.0000,208.0000,181.0000,208.0000,181.0000,307.0000,151.0000,307.0000
151.0000,208.0000,181.0000,208.0000,181.0000,307.0000,151.0000,307.0000
151.0000,208.0000,181.0000,208.0000,181.0000,307.0000,151.0000,307.0000
151.0000,208.0000,181.0000,208.0000,181.0000,307.0000,151.0000,307.0000
150.0000,208.0000,181.0000,208.0000,181.0000,307.0000,150.0000,307.0000
150.0000,208.0000,181.0000,208.0000,181.0000,307.0000,150.0000,307.0000
150.0000,208.0000,181.0000,208.0000,181.0000,307.0000,150.0000,307.0000
150.0000,208.0000,181.0000,208.0000,181.0000,307.0000,150.0000,307.0000
150.0000,208.0000,181.0000,208.0000,181.0000,307.0000,150.0000,307.0000
150.0000,208.0000,181.0000,208.0000,181.0000,307.0000,150.0000,307.0000
150.0000,206.0000,181.0000,206.0000,181.0000,308.0000,150.0000,308.0000
150.0000,207.0000,181.0000,207.0000,181.0000,308.0000,150.0000,308.0000
150.0000,208.0000,181.0000,208.0000,181.0000,307.0000,150.0000,307.0000
150.0000,208.0000,181.0000,208.0000,181.0000,307.0000,150.0000,307.0000
150.0000,207.0000,181.0000,207.0000,181.0000,308.0000,150.0000,308.0000
150.0000,207.0000,181.0000,207.0000,181.0000,307.0000,150.0000,307.0000
150.0000,207.0000,181.0000,207.0000,181.0000,306.0000,150.0000,306.0000
151.0000,207.0000,181.0000,207.0000,181.0000,306.0000,151.0000,306.0000
151.0000,208.0000,181.0000,208.0000,181.0000,305.0000,151.0000,305.0000
151.0000,208.0000,181.0000,208.0000,181.0000,305.0000,151.0000,305.0000
151.0000,207.0000,181.0000,207.0000,181.0000,306.0000,151.0000,306.0000
150.0000,207.0000,181.0000,207.0000,181.0000,309.0000,150.0000,309.0000
150.0000,208.0000,181.0000,208.0000,181.0000,310.0000,150.0000,310.0000
149.0000,208.0000,182.0000,208.0000,182.0000,313.0000,149.0000,313.0000
150.0000,207.0000,181.0000,207.0000,181.0000,309.0000,150.0000,309.0000
150.0000,208.0000,180.0000,208.0000,180.0000,307.0000,150.0000,307.0000
150.0000,207.0000,181.0000,207.0000,181.0000,310.0000,150.0000,310.0000
149.0000,207.0000,181.0000,207.0000,181.0000,309.0000,149.0000,309.0000
150.0000,207.0000,180.0000,207.0000,180.0000,306.0000,150.0000,306.0000
150.0000,207.0000,180.0000,207.0000,180.0000,304.0000,150.0000,304.0000
150.0000,208.0000,180.0000,208.0000,180.0000,306.0000,150.0000,306.0000
150.0000,208.0000,181.0000,208.0000,181.0000,307.0000,150.0000,307.0000
150.0000,208.0000,181.0000,208.0000,181.0000,307.0000,150.0000,307.0000
150.0000,207.0000,181.0000,207.0000,181.0000,306.0000,150.0000,306.0000
150.0000,207.0000,181.0000,207.0000,181.0000,306.0000,150.0000,306.0000
150.0000,207.0000,181.0000,207.0000,181.0000,306.0000,150.0000,306.0000
150.0000,207.0000,181.0000,207.0000,181.0000,306.0000,150.0000,306.0000
150.0000,208.0000,181.0000,208.0000,181.0000,307.0000,150.0000,307.0000
150.0000,207.0000,181.0000,207.0000,181.0000,306.0000,150.0000,306.0000
150.0000,207.0000,181.0000,207.0000,181.0000,306.0000,150.0000,306.0000
150.0000,207.0000,181.0000,207.0000,181.0000,306.0000,150.0000,306.0000
150.0000,207.0000,181.0000,207.0000,181.0000,306.0000,150.0000,306.0000
151.0000,208.0000,181.0000,208.0000,181.0000,307.0000,151.0000,307.0000
151.0000,208.0000,181.0000,208.0000,181.0000,307.0000,151.0000,307.0000
151.0000,207.0000,181.0000,207.0000,181.0000,306.0000,151.0000,306.0000
151.0000,207.0000,181.0000,207.0000,181.0000,306.0000,151.0000,306.0000
151.0000,207.0000,181.0000,207.0000,181.0000,306.0000,151.0000,306.0000
151.0000,207.0000,181.0000,207.0000,181.0000,306.0000,151.0000,306.0000
151.0000,208.0000,181.0000,208.0000,181.0000,307.0000,151.0000,307.0000
151.0000,208.0000,181.0000,208.0000,181.0000,307.0000,151.0000,307.0000
151.0000,207.0000,181.0000,207.0000,181.0000,306.0000,151.0000,306.0000
151.0000,207.0000,181.0000,207.0000,181.0000,306.0000,151.0000,306.0000
151.0000,207.0000,181.0000,207.0000,181.0000,306.0000,151.0000,306.0000
151.0000,208.0000,181.0000,208.0000,181.0000,306.0000,151.0000,306.0000
151.0000,208.0000,181.0000,208.0000,181.0000,307.0000,151.0000,307.0000
151.0000,208.0000,181.0000,208.0000,181.0000,307.0000,151.0000,307.0000
151.0000,207.0000,181.0000,207.0000,181.0000,306.0000,151.0000,306.0000
151.0000,207.0000,181.0000,207.0000,181.0000,306.0000,151.0000,306.0000
151.0000,207.0000,181.0000,207.0000,181.0000,306.0000,151.0000,306.0000
151.0000,208.0000,181.0000,208.0000,181.0000,307.0000,151.0000,307.0000
151.0000,208.0000,181.0000,208.0000,181.0000,307.0000,151.0000,307.0000
151.0000,208.0000,181.0000,208.0000,181.0000,307.0000,151.0000,307.0000
151.0000,207.0000,181.0000,207.0000,181.0000,306.0000,151.0000,306.0000
151.0000,207.0000,181.0000,207.0000,181.0000,306.0000,151.0000,306.0000
151.0000,207.0000,181.0000,207.0000,181.0000,306.0000,151.0000,306.0000
151.0000,208.0000,181.0000,208.0000,181.0000,307.0000,151.0000,307.0000
151.0000,208.0000,181.0000,208.0000,181.0000,307.0000,151.0000,307.0000
151.0000,207.0000,181.0000,207.0000,181.0000,306.0000,151.0000,306.0000
151.0000,207.0000,181.0000,207.0000,181.0000,306.0000,151.0000,306.0000
151.0000,207.0000,181.0000,207.0000,181.0000,306.0000,151.0000,306.0000
151.0000,208.0000,181.0000,208.0000,181.0000,307.0000,151.0000,307.0000
151.0000,208.0000,181.0000,208.0000,181.0000,307.0000,151.0000,307.0000
151.0000,207.0000,181.0000,207.0000,181.0000,306.0000,151.0000,306.0000
151.0000,207.0000,181.0000,207.0000,181.0000,306.0000,151.0000,306.0000
151.0000,207.0000,181.0000,207.0000,181.0000,306.0000,151.0000,306.0000
151.0000,207.0000,181.0000,207.0000,181.0000,306.0000,151.0000,306.0000
151.0000,207.0000,181.0000,207.0000,181.0000,306.0000,151.0000,306.0000
151.0000,208.0000,181.0000,208.0000,181.0000,307.0000,151.0000,307.0000
151.0000,208.0000,181.0000,208.0000,181.0000,307.0000,151.0000,307.0000
151.0000,207.0000,181.0000,207.0000,181.0000,306.0000,151.0000,306.0000
151.0000,208.0000,181.0000,208.0000,181.0000,307.0000,151.0000,307.0000
151.0000,208.0000,181.0000,208.0000,181.0000,307.0000,151.0000,307.0000
151.0000,208.0000,181.0000,208.0000,181.0000,307.0000,151.0000,307.0000
151.0000,208.0000,181.0000,208.0000,181.0000,307.0000,151.0000,307.0000
151.0000,208.0000,181.0000,208.0000,181.0000,307.0000,151.0000,307.0000
151.0000,208.0000,181.0000,208.0000,181.0000,307.0000,151.0000,307.0000
151.0000,208.0000,181.0000,208.0000,181.0000,307.0000,151.0000,307.0000
151.0000,208.0000,181.0000,208.0000,181.0000,307.0000,151.0000,307.0000
151.0000,208.0000,181.0000,208.0000,181.0000,307.0000,151.0000,307.0000
151.0000,208.0000,181.0000,208.0000,181.0000,307.0000,151.0000,307.0000
151.0000,208.0000,181.0000,208.0000,181.0000,307.0000,151.0000,307.0000
151.0000,208.0000,181.0000,208.0000,181.0000,307.0000,151.0000,307.0000
151.0000,208.0000,181.0000,208.0000,181.0000,307.0000,151.0000,307.0000
151.0000,208.0000,181.0000,208.0000,181.0000,306.0000,151.0000,306.0000
151.0000,208.0000,181.0000,208.0000,181.0000,307.0000,151.0000,307.0000
151.0000,208.0000,181.0000,208.0000,181.0000,307.0000,151.0000,307.0000
151.0000,208.0000,181.0000,208.0000,181.0000,307.0000,151.0000,307.0000
151.0000,208.0000,181.0000,208.0000,181.0000,307.0000,151.0000,307.0000
151.0000,208.0000,181.0000,208.0000,181.0000,307.0000,151.0000,307.0000
151.0000,208.0000,181.0000,208.0000,181.0000,307.0000,151.0000,307.0000
151.0000,208.0000,181.0000,208.0000,181.0000,307.0000,151.0000,307.0000
151.0000,208.0000,181.0000,208.0000,181.0000,307.0000,151.0000,307.0000
151.0000,208.0000,181.0000,208.0000,181.0000,307.0000,151.0000,307.0000
151.0000,208.0000,181.0000,208.0000,181.0000,307.0000,151.0000,307.0000
151.0000,208.0000,181.0000,208.0000,181.0000,307.0000,151.0000,307.0000
151.0000,208.0000,181.0000,208.0000,181.0000,307.0000,151.0000,307.0000
151.0000,208.0000,181.0000,208.0000,181.0000,307.0000,151.0000,307.0000
151.0000,208.0000,181.0000,208.0000,181.0000,307.0000,151.0000,307.0000
151.0000,208.0000,181.0000,208.0000,181.0000,307.0000,151.0000,307.0000
151.0000,208.0000,181.0000,208.0000,181.0000,307.0000,151.0000,307.0000
151.0000,208.0000,181.0000,208.0000,181.0000,307.0000,151.0000,307.0000
151.0000,208.0000,181.0000,208.0000,181.0000,307.0000,151.0000,307.0000
151.0000,208.0000,181.0000,208.0000,181.0000,307.0000,151.0000,307.0000
151.0000,208.0000,181.0000,208.0000,181.0000,307.0000,151.0000,307.0000
151.0000,208.0000,181.0000,208.0000,181.0000,307.0000,151.0000,307.0000
151.0000,208.0000,181.0000,208.0000,181.0000,307.0000,151.0000,307.0000
151.0000,208.0000,181.0000,208.0000,181.0000,307.0000,151.0000,307.0000
151.0000,208.0000,181.0000,208.0000,181.0000,307.0000,151.0000,307.0000
151.0000,208.0000,181.0000,208.0000,181.0000,307.0000,151.0000,307.0000
151.0000,208.0000,181.0000,208.0000,181.0000,307.0000,151.0000,307.0000
151.0000,208.0000,181.0000,208.0000,181.0000,307.0000,151.0000,307.0000
151.0000,208.0000,181.0000,208.0000,181.0000,307.0000,151.0000,307.0000
151.0000,208.0000,181.0000,208.0000,181.0000,307.0000,151.0000,307.0000
151.0000,208.0000,181.0000,208.0000,181.0000,307.0000,151.0000,307.0000
151.0000,208.0000,181.0000,208.0000,181.0000,307.0000,151.0000,307.0000
151.0000,208.0000,181.0000,208.0000,181.0000,307.0000,151.0000,307.0000
151.0000,208.0000,181.0000,208.0000,181.0000,307.0000,151.0000,307.0000
151.0000,208.0000,181.0000,208.0000,181.0000,307.0000,151.0000,307.0000
151.0000,208.0000,181.0000,208.0000,181.0000,307.0000,151.0000,307.0000
151.0000,208.0000,181.0000,208.0000,181.0000,307.0000,151.0000,307.0000
151.0000,208.0000,181.0000,208.0000,181.0000,307.0000,151.0000,307.0000
151.0000,208.0000,181.0000,208.0000,181.0000,307.0000,151.0000,307.0000
151.0000,208.0000,181.0000,208.0000,181.0000,307.0000,151.0000,307.0000
151.0000,208.0000,181.0000,208.0000,181.0000,307.0000,151.0000,307.0000
151.0000,208.0000,181.0000,208.0000,181.0000,307.0000,151.0000,307.0000
151.0000,208.0000,181.0000,208.0000,181.0000,307.0000,151.0000,307.0000
151.0000,208.0000,181.0000,208.0000,181.0000,307.0000,151.0000,307.0000
151.0000,208.0000,181.0000,208.0000,181.0000,307.0000,151.0000,307.0000
151.0000,208.0000,181.0000,208.0000,181.0000,307.0000,151.0000,307.0000
151.0000,208.0000,181.0000,208.0000,181.0000,307.0000,151.0000,307.0000
151.0000,208.0000,181.0000,208.0000,181.0000,307.0000,151.0000,307.0000
151.0000,208.0000,181.0000,208.0000,181.0000,307.0000,151.0000,307.0000
151.0000,208.0000,181.0000,208.0000,181.0000,307.0000,151.0000,307.0000
151.0000,208.0000,181.0000,208.0000,181.0000,307.0000,151.0000,307.0000
151.0000,208.0000,181.0000,208.0000,181.0000,307.0000,151.0000,307.0000
151.0000,208.0000,181.0000,208.0000,181.0000,307.0000,151.0000,307.0000
151.0000,208.0000,181.0000,208.0000,181.0000,307.0000,151.0000,307.0000
151.0000,208.0000,181.0000,208.0000,181.0000,307.0000,151.0000,307.0000
151.0000,208.0000,181.0000,208.0000,181.0000,307.0000,151.0000,307.0000
151.0000,208.0000,181.0000,208.0000,181.0000,307.0000,151.0000,307.0000
151.0000,207.0000,181.0000,207.0000,181.0000,306.0000,151.0000,306.0000
151.0000,208.0000,181.0000,208.0000,181.0000,307.0000,151.0000,307.0000
151.0000,208.0000,181.0000,208.0000,181.0000,307.0000,151.0000,307.0000
151.0000,208.0000,181.0000,208.0000,181.0000,307.0000,151.0000,307.0000
151.0000,208.0000,181.0000,208.0000,181.0000,307.0000,151.0000,307.0000
151.0000,208.0000,181.0000,208.0000,181.0000,307.0000,151.0000,307.0000
151.0000,208.0000,181.0000,208.0000,181.0000,307.0000,151.0000,307.0000
151.0000,208.0000,181.0000,208.0000,181.0000,307.0000,151.0000,307.0000
151.0000,208.0000,181.0000,208.0000,181.0000,307.0000,151.0000,307.0000
151.0000,208.0000,181.0000,208.0000,181.0000,307.0000,151.0000,307.0000
151.0000,208.0000,181.0000,208.0000,181.0000,307.0000,151.0000,307.0000
151.0000,208.0000,181.0000,208.0000,181.0000,307.0000,151.0000,307.0000
151.0000,208.0000,181.0000,208.0000,181.0000,306.0000,151.0000,306.0000
151.0000,208.0000,181.0000,208.0000,181.0000,307.0000,151.0000,307.0000
151.0000,208.0000,181.0000,208.0000,181.0000,307.0000,151.0000,307.0000
151.0000,208.0000,181.0000,208.0000,181.0000,307.0000,151.0000,307.0000
151.0000,208.0000,181.0000,208.0000,181.0000,307.0000,151.0000,307.0000
151.0000,208.0000,181.0000,208.0000,181.0000,307.0000,151.0000,307.0000
151.0000,208.0000,181.0000,208.0000,181.0000,307.0000,151.0000,307.0000
151.0000,208.0000,181.0000,208.0000,181.0000,307.0000,151.0000,307.0000
151.0000,208.0000,181.0000,208.0000,181.0000,307.0000,151.0000,307.0000
151.0000,208.0000,181.0000,208.0000,181.0000,307.0000,151.0000,307.0000
151.0000,208.0000,181.0000,208.0000,181.0000,307.0000,151.0000,307.0000
151.0000,208.0000,181.0000,208.0000,181.0000,307.0000,151.0000,307.0000
151.0000,208.0000,181.0000,208.0000,181.0000,307.0000,151.0000,307.0000
151.0000,208.0000,181.0000,208.0000,181.0000,307.0000,151.0000,307.0000
151.0000,208.0000,181.0000,208.0000,181.0000,307.0000,151.0000,307.0000
151.0000,208.0000,181.0000,208.0000,181.0000,307.0000,151.0000,307.0000
151.0000,208.0000,181.0000,208.0000,181.0000,307.0000,151.0000,307.0000
151.0000,208.0000,181.0000,208.0000,181.0000,307.0000,151.0000,307.0000
151.0000,208.0000,181.0000,208.0000,181.0000,307.0000,151.0000,307.0000
151.0000,208.0000,181.0000,208.0000,181.0000,307.0000,151.0000,307.0000
151.0000,208.0000,181.0000,208.0000,181.0000,307.0000,151.0000,307.0000
151.0000,208.0000,181.0000,208.0000,181.0000,307.0000,151.0000,307.0000
151.0000,208.0000,181.0000,208.0000,181.0000,307.0000,151.0000,307.0000
151.0000,208.0000,181.0000,208.0000,181.0000,307.0000,151.0000,307.0000
151.0000,208.0000,181.0000,208.0000,181.0000,307.0000,151.0000,307.0000
151.0000,208.0000,181.0000,208.0000,181.0000,307.0000,151.0000,307.0000
151.0000,208.0000,181.0000,208.0000,181.0000,307.0000,151.0000,307.0000
151.0000,208.0000,181.0000,208.0000,181.0000,307.0000,151.0000,307.0000
151.0000,208.0000,181.0000,208.0000,181.0000,307.0000,151.0000,307.0000
151.0000,208.0000,181.0000,208.0000,181.0000,307.0000,151.0000,307.0000
151.0000,208.0000,181.0000,208.0000,181.0000,307.0000,151.0000,307.0000
151.0000,208.0000,181.0000,208.0000,181.0000,307.0000,151.0000,307.0000
151.0000,208.0000,181.0000,208.0000,181.0000,307.0000,151.0000,307.0000
151.0000,208.0000,181.0000,208.0000,181.0000,307.0000,151.0000,307.0000
151.0000,208.0000,181.0000,208.0000,181.0000,307.0000,151.0000,307.0000
151.0000,208.0000,181.0000,208.0000,181.0000,307.0000,151.0000,307.0000
151.0000,208.0000,181.0000,208.0000,181.0000,307.0000,151.0000,307.0000
151.0000,208.0000,181.0000,208.0000,181.0000,307.0000,151.0000,307.0000
151.0000,208.0000,181.0000,208.0000,181.0000,307.0000,151.0000,307.0000
151.0000,208.0000,181.0000,208.0000,181.0000,307.0000,151.0000,307.0000
151.0000,208.0000,181.0000,208.0000,181.0000,307.0000,151.0000,307.0000
151.0000,208.0000,181.0000,208.0000,181.0000,307.0000,151.0000,307.0000
151.0000,208.0000,181.0000,208.0000,181.0000,306.0000,151.0000,306.0000
151.0000,208.0000,181.0000,208.0000,181.0000,307.0000,151.0000,307.0000
151.0000,208.0000,181.0000,208.0000,181.0000,307.0000,151.0000,307.0000
151.0000,208.0000,181.0000,208.0000,181.0000,307.0000,151.0000,307.0000
151.0000,208.0000,181.0000,208.0000,181.0000,307.0000,151.0000,307.0000
151.0000,208.0000,181.0000,208.0000,181.0000,307.0000,151.0000,307.0000
151.0000,208.0000,181.0000,208.0000,181.0000,307.0000,151.0000,307.0000
151.0000,208.0000,181.0000,208.0000,181.0000,307.0000,151.0000,307.0000
151.0000,208.0000,181.0000,208.0000,181.0000,307.0000,151.0000,307.0000
151.0000,208.0000,181.0000,208.0000,181.0000,307.0000,151.0000,307.0000
151.0000,208.0000,181.0000,208.0000,181.0000,307.0000,151.0000,307.0000
151.0000,208.0000,181.0000,208.0000,181.0000,307.0000,151.0000,307.0000
151.0000,208.0000,181.0000,208.0000,181.0000,307.0000,151.0000,307.0000
151.0000,208.0000,181.0000,208.0000,181.0000,307.0000,151.0000,307.0000
151.0000,208.0000,181.0000,208.0000,181.0000,307.0000,151.0000,307.0000
151.0000,208.0000,181.0000,208.0000,181.0000,307.0000,151.0000,307.0000
151.0000,208.0000,181.0000,208.0000,181.0000,307.0000,151.0000,307.0000
151.0000,208.0000,181.0000,208.0000,181.0000,307.0000,151.0000,307.0000
151.0000,208.0000,181.0000,208.0000,181.0000,307.0000,151.0000,307.0000
151.0000,208.0000,181.0000,208.0000,181.0000,307.0000,151.0000,307.0000
151.0000,208.0000,181.0000,208.0000,181.0000,307.0000,151.0000,307.0000
151.0000,208.0000,181.0000,208.0000,181.0000,307.0000,151.0000,307.0000
151.0000,208.0000,181.0000,208.0000,181.0000,307.0000,151.0000,307.0000
151.0000,208.0000,181.0000,208.0000,181.0000,307.0000,151.0000,307.0000
151.0000,208.0000,181.0000,208.0000,181.0000,307.0000,151.0000,307.0000
151.0000,208.0000,181.0000,208.0000,181.0000,307.0000,151.0000,307.0000
151.0000,208.0000,181.0000,208.0000,181.0000,307.0000,151.0000,307.0000
151.0000,208.0000,181.0000,208.0000,181.0000,307.0000,151.0000,307.0000
151.0000,208.0000,181.0000,208.0000,181.0000,307.0000,151.0000,307.0000
151.0000,208.0000,181.0000,208.0000,181.0000,307.0000,151.0000,307.0000
151.0000,208.0000,181.0000,208.0000,181.0000,307.0000,151.0000,307.0000
151.0000,208.0000,181.0000,208.0000,181.0000,307.0000,151.0000,307.0000
151.0000,208.0000,181.0000,208.0000,181.0000,307.0000,151.0000,307.0000
151.0000,208.0000,181.0000,208.0000,181.0000,307.0000,151.0000,307.0000
151.0000,208.0000,181.0000,208.0000,181.0000,307.0000,151.0000,307.0000
151.0000,208.0000,181.0000,208.0000,181.0000,307.0000,151.0000,307.0000
151.0000,208.0000,181.0000,208.0000,181.0000,307.0000,151.0000,307.0000
151.0000,208.0000,181.0000,208.0000,181.0000,307.0000,151.0000,307.0000
151.0000,208.0000,181.0000,208.0000,181.0000,307.0000,151.0000,307.0000
151.0000,208.0000,181.0000,208.0000,181.0000,307.0000,151.0000,307.0000
151.0000,208.0000,181.0000,208.0000,181.0000,307.0000,151.0000,307.0000
151.0000,208.0000,181.0000,208.0000,181.0000,307.0000,151.0000,307.0000
151.0000,208.0000,181.0000,208.0000,181.0000,307.0000,151.0000,307.0000
151.0000,208.0000,181.0000,208.0000,181.0000,307.0000,151.0000,307.0000
151.0000,208.0000,181.0000,208.0000,181.0000,307.0000,151.0000,307.0000
151.0000,208.0000,181.0000,208.0000,181.0000,307.0000,151.0000,307.0000
151.0000,208.0000,181.0000,208.0000,181.0000,307.0000,151.0000,307.0000
151.0000,208.0000,181.0000,208.0000,181.0000,307.0000,151.0000,307.0000
151.0000,208.0000,181.0000,208.0000,181.0000,307.0000,151.0000,307.0000
151.0000,208.0000,181.0000,208.0000,181.0000,307.0000,151.0000,307.0000
151.0000,208.0000,181.0000,208.0000,181.0000,307.0000,151.0000,307.0000
151.0000,208.0000,181.0000,208.0000,181.0000,307.0000,151.0000,307.0000
151.0000,208.0000,181.0000,208.0000,181.0000,307.0000,151.0000,307.0000
151.0000,208.0000,181.0000,208.0000,181.0000,307.0000,151.0000,307.0000
151.0000,208.0000,181.0000,208.0000,181.0000,307.0000,151.0000,307.0000
151.0000,208.0000,181.0000,208.0000,181.0000,307.0000,151.0000,307.0000
151.0000,208.0000,181.0000,208.0000,181.0000,307.0000,151.0000,307.0000
151.0000,208.0000,181.0000,208.0000,181.0000,307.0000,151.0000,307.0000
151.0000,208.0000,181.0000,208.0000,181.0000,307.0000,151.0000,307.0000
151.0000,208.0000,181.0000,208.0000,181.0000,307.0000,151.0000,307.0000
151.0000,208.0000,181.0000,208.0000,181.0000,307.0000,151.0000,307.0000
151.0000,208.0000,181.0000,208.0000,181.0000,307.0000,151.0000,307.0000
151.0000,208.0000,181.0000,208.0000,181.0000,307.0000,151.0000,307.0000
151.0000,208.0000,181.0000,208.0000,181.0000,307.0000,151.0000,307.0000
151.0000,208.0000,181.0000,208.0000,181.0000,307.0000,151.0000,307.0000
151.0000,208.0000,181.0000,208.0000,181.0000,307.0000,151.0000,307.0000
151.0000,208.0000,181.0000,208.0000,181.0000,307.0000,151.0000,307.0000
151.0000,208.0000,181.0000,208.0000,181.0000,307.0000,151.0000,307.0000
151.0000,208.0000,181.0000,208.0000,181.0000,307.0000,151.0000,307.0000
151.0000,208.0000,181.0000,208.0000,181.0000,307.0000,151.0000,307.0000
151.0000,208.0000,181.0000,208.0000,181.0000,307.0000,151.0000,307.0000
151.0000,208.0000,181.0000,208.0000,181.0000,307.0000,151.0000,307.0000
151.0000,208.0000,181.0000,208.0000,181.0000,307.0000,151.0000,307.0000
151.0000,208.0000,181.0000,208.0000,181.0000,307.0000,151.0000,307.0000
151.0000,207.0000,181.0000,207.0000,181.0000,306.0000,151.0000,306.0000
151.0000,207.0000,181.0000,207.0000,181.0000,306.0000,151.0000,306.0000
151.0000,207.0000,181.0000,207.0000,181.0000,306.0000,151.0000,306.0000
151.0000,207.0000,181.0000,207.0000,181.0000,306.0000,151.0000,306.0000
151.0000,207.0000,181.0000,207.0000,181.0000,306.0000,151.0000,306.0000
151.0000,207.0000,181.0000,207.0000,181.0000,306.0000,151.0000,306.0000
151.0000,208.0000,181.0000,208.0000,181.0000,306.0000,151.0000,306.0000
151.0000,208.0000,181.0000,208.0000,181.0000,307.0000,151.0000,307.0000
151.0000,207.0000,181.0000,207.0000,181.0000,306.0000,151.0000,306.0000
151.0000,207.0000,181.0000,207.0000,181.0000,306.0000,151.0000,306.0000
151.0000,207.0000,181.0000,207.0000,181.0000,306.0000,151.0000,306.0000
151.0000,207.0000,181.0000,207.0000,181.0000,306.0000,151.0000,306.0000
151.0000,207.0000,181.0000,207.0000,181.0000,306.0000,151.0000,306.0000
151.0000,207.0000,181.0000,207.0000,181.0000,306.0000,151.0000,306.0000
151.0000,207.0000,181.0000,207.0000,181.0000,306.0000,151.0000,306.0000
151.0000,207.0000,181.0000,207.0000,181.0000,306.0000,151.0000,306.0000
151.0000,207.0000,181.0000,207.0000,181.0000,306.0000,151.0000,306.0000
151.0000,207.0000,181.0000,207.0000,181.0000,306.0000,151.0000,306.0000
151.0000,207.0000,181.0000,207.0000,181.0000,306.0000,151.0000,306.0000
151.0000,207.0000,181.0000,207.0000,181.0000,306.0000,151.0000,306.0000
151.0000,207.0000,181.0000,207.0000,181.0000,306.0000,151.0000,306.0000
151.0000,207.0000,181.0000,207.0000,181.0000,306.0000,151.0000,306.0000
151.0000,207.0000,181.0000,207.0000,181.0000,306.0000,151.0000,306.0000
151.0000,207.0000,181.0000,207.0000,181.0000,306.0000,151.0000,306.0000
151.0000,207.0000,181.0000,207.0000,181.0000,306.0000,151.0000,306.0000
151.0000,208.0000,181.0000,208.0000,181.0000,306.0000,151.0000,306.0000
151.0000,207.0000,181.0000,207.0000,181.0000,306.0000,151.0000,306.0000
151.0000,207.0000,181.0000,207.0000,181.0000,306.0000,151.0000,306.0000
150.0000,207.0000,181.0000,207.0000,181.0000,306.0000,150.0000,306.0000
150.0000,207.0000,181.0000,207.0000,181.0000,306.0000,150.0000,306.0000
150.0000,207.0000,181.0000,207.0000,181.0000,306.0000,150.0000,306.0000
151.0000,207.0000,181.0000,207.0000,181.0000,306.0000,151.0000,306.0000
151.0000,207.0000,181.0000,207.0000,181.0000,306.0000,151.0000,306.0000
151.0000,207.0000,181.0000,207.0000,181.0000,306.0000,151.0000,306.0000
151.0000,207.0000,181.0000,207.0000,181.0000,306.0000,151.0000,306.0000
151.0000,207.0000,181.0000,207.0000,181.0000,306.0000,151.0000,306.0000
151.0000,207.0000,181.0000,207.0000,181.0000,306.0000,151.0000,306.0000
151.0000,207.0000,181.0000,207.0000,181.0000,306.0000,151.0000,306.0000
151.0000,207.0000,181.0000,207.0000,181.0000,306.0000,151.0000,306.0000
151.0000,207.0000,181.0000,207.0000,181.0000,306.0000,151.0000,306.0000
151.0000,207.0000,181.0000,207.0000,181.0000,306.0000,151.0000,306.0000
151.0000,207.0000,181.0000,207.0000,181.0000,306.0000,151.0000,306.0000
151.0000,207.0000,181.0000,207.0000,181.0000,306.0000,151.0000,306.0000
151.0000,207.0000,181.0000,207.0000,181.0000,306.0000,151.0000,306.0000
151.0000,207.0000,181.0000,207.0000,181.0000,306.0000,151.0000,306.0000
151.0000,207.0000,181.0000,207.0000,181.0000,306.0000,151.0000,306.0000
151.0000,207.0000,181.0000,207.0000,181.0000,306.0000,151.0000,306.0000
151.0000,207.0000,181.0000,207.0000,181.0000,306.0000,151.0000,306.0000
151.0000,207.0000,181.0000,207.0000,181.0000,306.0000,151.0000,306.0000
151.0000,207.0000,181.0000,207.0000,181.0000,306.0000,151.0000,306.0000
151.0000,207.0000,181.0000,207.0000,181.0000,306.0000,151.0000,306.0000
151.0000,207.0000,181.0000,207.0000,181.0000,306.0000,151.0000,306.0000
151.0000,207.0000,181.0000,207.0000,181.0000,306.0000,151.0000,306.0000
151.0000,207.0000,181.0000,207.0000,181.0000,306.0000,151.0000,306.0000
151.0000,207.0000,181.0000,207.0000,181.0000,306.0000,151.0000,306.0000
151.0000,207.0000,181.0000,207.0000,181.0000,306.0000,151.0000,306.0000
151.0000,207.0000,181.0000,207.0000,181.0000,306.0000,151.0000,306.0000
151.0000,207.0000,181.0000,207.0000,181.0000,306.0000,151.0000,306.0000
151.0000,207.0000,182.0000,207.0000,182.0000,306.0000,151.0000,306.0000
151.0000,207.0000,182.0000,207.0000,182.0000,306.0000,151.0000,306.0000
151.0000,207.0000,182.0000,207.0000,182.0000,306.0000,151.0000,306.0000
151.0000,207.0000,181.0000,207.0000,181.0000,306.0000,151.0000,306.0000
151.0000,207.0000,181.0000,207.0000,181.0000,306.0000,151.0000,306.0000
151.0000,207.0000,181.0000,207.0000,181.0000,306.0000,151.0000,306.0000
151.0000,207.0000,181.0000,207.0000,181.0000,306.0000,151.0000,306.0000
151.0000,207.0000,181.0000,207.0000,181.0000,306.0000,151.0000,306.0000
151.0000,207.0000,181.0000,207.0000,181.0000,306.0000,151.0000,306.0000
151.0000,208.0000,181.0000,208.0000,181.0000,306.0000,151.0000,306.0000
151.0000,208.0000,181.0000,208.0000,181.0000,307.0000,151.0000,307.0000
151.0000,208.0000,181.0000,208.0000,181.0000,307.0000,151.0000,307.0000
151.0000,207.0000,181.0000,207.0000,181.0000,306.0000,151.0000,306.0000
151.0000,208.0000,181.0000,208.0000,181.0000,307.0000,151.0000,307.0000
151.0000,209.0000,181.0000,209.0000,181.0000,306.0000,151.0000,306.0000
151.0000,208.0000,181.0000,208.0000,181.0000,307.0000,151.0000,307.0000
151.0000,208.0000,181.0000,208.0000,181.0000,307.0000,151.0000,307.0000
151.0000,208.0000,181.0000,208.0000,181.0000,307.0000,151.0000,307.0000
151.0000,208.0000,181.0000,208.0000,181.0000,307.0000,151.0000,307.0000
151.0000,208.0000,181.0000,208.0000,181.0000,307.0000,151.0000,307.0000
151.0000,208.0000,181.0000,208.0000,181.0000,307.0000,151.0000,307.0000
151.0000,208.0000,181.0000,208.0000,181.0000,307.0000,151.0000,307.0000
151.0000,208.0000,181.0000,208.0000,181.0000,307.0000,151.0000,307.0000
151.0000,208.0000,181.0000,208.0000,181.0000,307.0000,151.0000,307.0000
151.0000,208.0000,181.0000,208.0000,181.0000,307.0000,151.0000,307.0000
151.0000,208.0000,181.0000,208.0000,181.0000,307.0000,151.0000,307.0000
151.0000,208.0000,181.0000,208.0000,181.0000,307.0000,151.0000,307.0000
151.0000,208.0000,181.0000,208.0000,181.0000,307.0000,151.0000,307.0000
151.0000,208.0000,181.0000,208.0000,181.0000,307.0000,151.0000,307.0000
151.0000,208.0000,181.0000,208.0000,181.0000,307.0000,151.0000,307.0000
151.0000,208.0000,181.0000,208.0000,181.0000,307.0000,151.0000,307.0000
151.0000,208.0000,181.0000,208.0000,181.0000,307.0000,151.0000,307.0000
151.0000,208.0000,181.0000,208.0000,181.0000,307.0000,151.0000,307.0000
151.0000,208.0000,181.0000,208.0000,181.0000,307.0000,151.0000,307.0000
151.0000,208.0000,181.0000,208.0000,181.0000,307.0000,151.0000,307.0000
151.0000,208.0000,181.0000,208.0000,181.0000,307.0000,151.0000,307.0000
151.0000,208.0000,181.0000,208.0000,181.0000,307.0000,151.0000,307.0000
151.0000,208.0000,181.0000,208.0000,181.0000,307.0000,151.0000,307.0000
151.0000,209.0000,181.0000,209.0000,181.0000,306.0000,151.0000,306.0000
151.0000,208.0000,181.0000,208.0000,181.0000,307.0000,151.0000,307.0000
151.0000,208.0000,181.0000,208.0000,181.0000,307.0000,151.0000,307.0000
151.0000,208.0000,181.0000,208.0000,181.0000,307.0000,151.0000,307.0000
151.0000,208.0000,181.0000,208.0000,181.0000,307.0000,151.0000,307.0000
151.0000,208.0000,181.0000,208.0000,181.0000,307.0000,151.0000,307.0000
151.0000,208.0000,181.0000,208.0000,181.0000,307.0000,151.0000,307.0000
151.0000,209.0000,181.0000,209.0000,181.0000,306.0000,151.0000,306.0000
151.0000,209.0000,181.0000,209.0000,181.0000,306.0000,151.0000,306.0000
151.0000,208.0000,181.0000,208.0000,181.0000,307.0000,151.0000,307.0000
151.0000,208.0000,181.0000,208.0000,181.0000,307.0000,151.0000,307.0000
151.0000,208.0000,181.0000,208.0000,181.0000,307.0000,151.0000,307.0000
151.0000,208.0000,181.0000,208.0000,181.0000,307.0000,151.0000,307.0000
151.0000,208.0000,181.0000,208.0000,181.0000,307.0000,151.0000,307.0000
151.0000,208.0000,181.0000,208.0000,181.0000,307.0000,151.0000,307.0000
151.0000,208.0000,181.0000,208.0000,181.0000,307.0000,151.0000,307.0000
151.0000,208.0000,181.0000,208.0000,181.0000,307.0000,151.0000,307.0000
150.0000,207.0000,181.0000,207.0000,181.0000,307.0000,150.0000,307.0000
151.0000,208.0000,181.0000,208.0000,181.0000,307.0000,151.0000,307.0000
151.0000,207.0000,181.0000,207.0000,181.0000,306.0000,151.0000,306.0000
151.0000,208.0000,181.0000,208.0000,181.0000,306.0000,151.0000,306.0000
151.0000,207.0000,181.0000,207.0000,181.0000,306.0000,151.0000,306.0000
151.0000,207.0000,181.0000,207.0000,181.0000,306.0000,151.0000,306.0000
151.0000,207.0000,181.0000,207.0000,181.0000,306.0000,151.0000,306.0000
151.0000,207.0000,181.0000,207.0000,181.0000,306.0000,151.0000,306.0000
151.0000,207.0000,181.0000,207.0000,181.0000,306.0000,151.0000,306.0000
151.0000,207.0000,181.0000,207.0000,181.0000,306.0000,151.0000,306.0000
151.0000,207.0000,181.0000,207.0000,181.0000,306.0000,151.0000,306.0000
151.0000,207.0000,181.0000,207.0000,181.0000,306.0000,151.0000,306.0000
151.0000,207.0000,181.0000,207.0000,181.0000,306.0000,151.0000,306.0000
151.0000,207.0000,181.0000,207.0000,181.0000,306.0000,151.0000,306.0000
151.0000,207.0000,181.0000,207.0000,181.0000,306.0000,151.0000,306.0000
151.0000,207.0000,182.0000,207.0000,182.0000,306.0000,151.0000,306.0000
151.0000,207.0000,181.0000,207.0000,181.0000,306.0000,151.0000,306.0000
151.0000,207.0000,182.0000,207.0000,182.0000,306.0000,151.0000,306.0000
151.0000,207.0000,182.0000,207.0000,182.0000,306.0000,151.0000,306.0000
151.0000,207.0000,182.0000,207.0000,182.0000,306.0000,151.0000,306.0000
151.0000,207.0000,181.0000,207.0000,181.0000,306.0000,151.0000,306.0000
151.0000,207.0000,181.0000,207.0000,181.0000,306.0000,151.0000,306.0000
151.0000,206.0000,181.0000,206.0000,181.0000,306.0000,151.0000,306.0000
151.0000,207.0000,181.0000,207.0000,181.0000,306.0000,151.0000,306.0000
151.0000,207.0000,181.0000,207.0000,181.0000,306.0000,151.0000,306.0000
151.0000,207.0000,181.0000,207.0000,181.0000,306.0000,151.0000,306.0000
151.0000,207.0000,181.0000,207.0000,181.0000,306.0000,151.0000,306.0000
151.0000,207.0000,181.0000,207.0000,181.0000,306.0000,151.0000,306.0000
151.0000,207.0000,181.0000,207.0000,181.0000,306.0000,151.0000,306.0000
151.0000,207.0000,181.0000,207.0000,181.0000,306.0000,151.0000,306.0000
151.0000,207.0000,181.0000,207.0000,181.0000,306.0000,151.0000,306.0000
151.0000,207.0000,181.0000,207.0000,181.0000,306.0000,151.0000,306.0000
151.0000,207.0000,181.0000,207.0000,181.0000,306.0000,151.0000,306.0000
151.0000,207.0000,181.0000,207.0000,181.0000,306.0000,151.0000,306.0000
151.0000,207.0000,181.0000,207.0000,181.0000,306.0000,151.0000,306.0000
151.0000,207.0000,181.0000,207.0000,181.0000,306.0000,151.0000,306.0000
151.0000,207.0000,181.0000,207.0000,181.0000,306.0000,151.0000,306.0000
151.0000,207.0000,182.0000,207.0000,182.0000,306.0000,151.0000,306.0000
151.0000,207.0000,181.0000,207.0000,181.0000,306.0000,151.0000,306.0000
151.0000,207.0000,182.0000,207.0000,182.0000,306.0000,151.0000,306.0000
151.0000,207.0000,181.0000,207.0000,181.0000,306.0000,151.0000,306.0000
151.0000,207.0000,182.0000,207.0000,182.0000,306.0000,151.0000,306.0000
151.0000,207.0000,182.0000,207.0000,182.0000,306.0000,151.0000,306.0000
151.0000,207.0000,182.0000,207.0000,182.0000,306.0000,151.0000,306.0000
151.0000,207.0000,182.0000,207.0000,182.0000,306.0000,151.0000,306.0000
151.0000,207.0000,182.0000,207.0000,182.0000,306.0000,151.0000,306.0000
151.0000,207.0000,182.0000,207.0000,182.0000,306.0000,151.0000,306.0000
152.0000,207.0000,182.0000,207.0000,182.0000,306.0000,152.0000,306.0000
152.0000,207.0000,182.0000,207.0000,182.0000,306.0000,152.0000,306.0000
152.0000,207.0000,182.0000,207.0000,182.0000,306.0000,152.0000,306.0000
152.0000,207.0000,182.0000,207.0000,182.0000,306.0000,152.0000,306.0000
152.0000,207.0000,182.0000,207.0000,182.0000,306.0000,152.0000,306.0000
152.0000,207.0000,182.0000,207.0000,182.0000,306.0000,152.0000,306.0000
152.0000,207.0000,182.0000,207.0000,182.0000,306.0000,152.0000,306.0000
152.0000,207.0000,182.0000,207.0000,182.0000,306.0000,152.0000,306.0000
152.0000,207.0000,182.0000,207.0000,182.0000,306.0000,152.0000,306.0000
152.0000,207.0000,182.0000,207.0000,182.0000,306.0000,152.0000,306.0000
152.0000,207.0000,182.0000,207.0000,182.0000,306.0000,152.0000,306.0000
152.0000,207.0000,182.0000,207.0000,182.0000,306.0000,152.0000,306.0000
152.0000,207.0000,182.0000,207.0000,182.0000,306.0000,152.0000,306.0000
152.0000,207.0000,182.0000,207.0000,182.0000,306.0000,152.0000,306.0000
152.0000,207.0000,182.0000,207.0000,182.0000,306.0000,152.0000,306.0000
152.0000,207.0000,182.0000,207.0000,182.0000,306.0000,152.0000,306.0000
152.0000,207.0000,182.0000,207.0000,182.0000,306.0000,152.0000,306.0000
152.0000,207.0000,182.0000,207.0000,182.0000,306.0000,152.0000,306.0000
152.0000,207.0000,182.0000,207.0000,182.0000,306.0000,152.0000,306.0000
152.0000,207.0000,182.0000,207.0000,182.0000,306.0000,152.0000,306.0000
152.0000,207.0000,182.0000,207.0000,182.0000,306.0000,152.0000,306.0000
152.0000,207.0000,182.0000,207.0000,182.0000,306.0000,152.0000,306.0000
151.0000,207.0000,182.0000,207.0000,182.0000,306.0000,151.0000,306.0000
151.0000,207.0000,182.0000,207.0000,182.0000,306.0000,151.0000,306.0000
151.0000,207.0000,182.0000,207.0000,182.0000,306.0000,151.0000,306.0000
151.0000,207.0000,182.0000,207.0000,182.0000,306.0000,151.0000,306.0000
151.0000,207.0000,182.0000,207.0000,182.0000,306.0000,151.0000,306.0000
151.0000,207.0000,182.0000,207.0000,182.0000,306.0000,151.0000,306.0000
151.0000,207.0000,182.0000,207.0000,182.0000,306.0000,151.0000,306.0000
151.0000,207.0000,182.0000,207.0000,182.0000,306.0000,151.0000,306.0000
151.0000,207.0000,182.0000,207.0000,182.0000,306.0000,151.0000,306.0000
151.0000,207.0000,182.0000,207.0000,182.0000,306.0000,151.0000,306.0000
151.0000,207.0000,182.0000,207.0000,182.0000,306.0000,151.0000,306.0000
151.0000,207.0000,182.0000,207.0000,182.0000,306.0000,151.0000,306.0000
151.0000,207.0000,182.0000,207.0000,182.0000,306.0000,151.0000,306.0000
151.0000,207.0000,182.0000,207.0000,182.0000,306.0000,151.0000,306.0000
151.0000,207.0000,182.0000,207.0000,182.0000,306.0000,151.0000,306.0000
151.0000,207.0000,182.0000,207.0000,182.0000,306.0000,151.0000,306.0000
151.0000,207.0000,182.0000,207.0000,182.0000,306.0000,151.0000,306.0000
151.0000,207.0000,182.0000,207.0000,182.0000,306.0000,151.0000,306.0000
152.0000,207.0000,182.0000,207.0000,182.0000,306.0000,152.0000,306.0000
151.0000,207.0000,182.0000,207.0000,182.0000,306.0000,151.0000,306.0000
151.0000,207.0000,182.0000,207.0000,182.0000,306.0000,151.0000,306.0000
151.0000,207.0000,182.0000,207.0000,182.0000,306.0000,151.0000,306.0000
152.0000,207.0000,182.0000,207.0000,182.0000,306.0000,152.0000,306.0000
151.0000,207.0000,182.0000,207.0000,182.0000,306.0000,151.0000,306.0000
151.0000,207.0000,182.0000,207.0000,182.0000,306.0000,151.0000,306.0000
151.0000,207.0000,182.0000,207.0000,182.0000,306.0000,151.0000,306.0000
151.0000,207.0000,182.0000,207.0000,182.0000,306.0000,151.0000,306.0000
151.0000,207.0000,182.0000,207.0000,182.0000,306.0000,151.0000,306.0000
151.0000,207.0000,182.0000,207.0000,182.0000,306.0000,151.0000,306.0000
151.0000,207.0000,182.0000,207.0000,182.0000,306.0000,151.0000,306.0000
151.0000,207.0000,182.0000,207.0000,182.0000,306.0000,151.0000,306.0000
151.0000,207.0000,182.0000,207.0000,182.0000,306.0000,151.0000,306.0000
151.0000,207.0000,182.0000,207.0000,182.0000,306.0000,151.0000,306.0000
151.0000,207.0000,182.0000,207.0000,182.0000,306.0000,151.0000,306.0000
151.0000,207.0000,182.0000,207.0000,182.0000,307.0000,151.0000,307.0000
151.0000,207.0000,182.0000,207.0000,182.0000,306.0000,151.0000,306.0000
151.0000,207.0000,182.0000,207.0000,182.0000,306.0000,151.0000,306.0000
151.0000,207.0000,182.0000,207.0000,182.0000,306.0000,151.0000,306.0000
151.0000,207.0000,182.0000,207.0000,182.0000,306.0000,151.0000,306.0000
151.0000,207.0000,182.0000,207.0000,182.0000,306.0000,151.0000,306.0000
151.0000,207.0000,182.0000,207.0000,182.0000,306.0000,151.0000,306.0000
151.0000,208.0000,182.0000,208.0000,182.0000,307.0000,151.0000,307.0000
151.0000,207.0000,181.0000,207.0000,181.0000,306.0000,151.0000,306.0000
151.0000,207.0000,181.0000,207.0000,181.0000,306.0000,151.0000,306.0000
151.0000,207.0000,181.0000,207.0000,181.0000,306.0000,151.0000,306.0000
151.0000,208.0000,181.0000,208.0000,181.0000,306.0000,151.0000,306.0000
150.0000,207.0000,181.0000,207.0000,181.0000,307.0000,150.0000,307.0000
151.0000,207.0000,182.0000,207.0000,182.0000,307.0000,151.0000,307.0000
151.0000,207.0000,182.0000,207.0000,182.0000,307.0000,151.0000,307.0000
151.0000,207.0000,182.0000,207.0000,182.0000,306.0000,151.0000,306.0000
151.0000,207.0000,182.0000,207.0000,182.0000,306.0000,151.0000,306.0000
151.0000,207.0000,182.0000,207.0000,182.0000,306.0000,151.0000,306.0000
151.0000,207.0000,182.0000,207.0000,182.0000,306.0000,151.0000,306.0000
151.0000,207.0000,182.0000,207.0000,182.0000,306.0000,151.0000,306.0000
151.0000,207.0000,182.0000,207.0000,182.0000,306.0000,151.0000,306.0000
151.0000,207.0000,182.0000,207.0000,182.0000,306.0000,151.0000,306.0000
151.0000,207.0000,182.0000,207.0000,182.0000,306.0000,151.0000,306.0000
151.0000,207.0000,181.0000,207.0000,181.0000,306.0000,151.0000,306.0000
151.0000,207.0000,182.0000,207.0000,182.0000,306.0000,151.0000,306.0000
151.0000,207.0000,182.0000,207.0000,182.0000,306.0000,151.0000,306.0000
151.0000,207.0000,182.0000,207.0000,182.0000,306.0000,151.0000,306.0000
151.0000,207.0000,182.0000,207.0000,182.0000,306.0000,151.0000,306.0000
151.0000,207.0000,181.0000,207.0000,181.0000,306.0000,151.0000,306.0000
151.0000,207.0000,182.0000,207.0000,182.0000,306.0000,151.0000,306.0000
151.0000,207.0000,182.0000,207.0000,182.0000,306.0000,151.0000,306.0000
151.0000,207.0000,182.0000,207.0000,182.0000,306.0000,151.0000,306.0000
151.0000,208.0000,182.0000,208.0000,182.0000,307.0000,151.0000,307.0000
151.0000,207.0000,182.0000,207.0000,182.0000,306.0000,151.0000,306.0000
151.0000,207.0000,182.0000,207.0000,182.0000,306.0000,151.0000,306.0000
151.0000,207.0000,182.0000,207.0000,182.0000,306.0000,151.0000,306.0000
151.0000,207.0000,182.0000,207.0000,182.0000,306.0000,151.0000,306.0000
151.0000,207.0000,182.0000,207.0000,182.0000,306.0000,151.0000,306.0000
151.0000,208.0000,182.0000,208.0000,182.0000,307.0000,151.0000,307.0000
151.0000,207.0000,182.0000,207.0000,182.0000,306.0000,151.0000,306.0000
151.0000,207.0000,182.0000,207.0000,182.0000,306.0000,151.0000,306.0000
151.0000,207.0000,182.0000,207.0000,182.0000,306.0000,151.0000,306.0000
151.0000,207.0000,182.0000,207.0000,182.0000,306.0000,151.0000,306.0000
151.0000,207.0000,182.0000,207.0000,182.0000,306.0000,151.0000,306.0000
151.0000,208.0000,182.0000,208.0000,182.0000,307.0000,151.0000,307.0000
151.0000,207.0000,182.0000,207.0000,182.0000,306.0000,151.0000,306.0000
151.0000,207.0000,182.0000,207.0000,182.0000,306.0000,151.0000,306.0000
151.0000,207.0000,182.0000,207.0000,182.0000,306.0000,151.0000,306.0000
151.0000,207.0000,182.0000,207.0000,182.0000,306.0000,151.0000,306.0000
151.0000,208.0000,182.0000,208.0000,182.0000,306.0000,151.0000,306.0000
151.0000,208.0000,182.0000,208.0000,182.0000,307.0000,151.0000,307.0000
151.0000,208.0000,182.0000,208.0000,182.0000,307.0000,151.0000,307.0000
151.0000,207.0000,182.0000,207.0000,182.0000,306.0000,151.0000,306.0000
151.0000,207.0000,182.0000,207.0000,182.0000,306.0000,151.0000,306.0000
151.0000,207.0000,182.0000,207.0000,182.0000,306.0000,151.0000,306.0000
151.0000,208.0000,182.0000,208.0000,182.0000,307.0000,151.0000,307.0000
151.0000,208.0000,182.0000,208.0000,182.0000,307.0000,151.0000,307.0000
151.0000,208.0000,182.0000,208.0000,182.0000,307.0000,151.0000,307.0000
151.0000,207.0000,182.0000,207.0000,182.0000,306.0000,151.0000,306.0000
151.0000,207.0000,182.0000,207.0000,182.0000,306.0000,151.0000,306.0000
151.0000,207.0000,182.0000,207.0000,182.0000,306.0000,151.0000,306.0000
152.0000,208.0000,182.0000,208.0000,182.0000,307.0000,152.0000,307.0000
152.0000,208.0000,182.0000,208.0000,182.0000,307.0000,152.0000,307.0000
152.0000,208.0000,182.0000,208.0000,182.0000,307.0000,152.0000,307.0000
152.0000,207.0000,182.0000,207.0000,182.0000,306.0000,152.0000,306.0000
152.0000,207.0000,182.0000,207.0000,182.0000,306.0000,152.0000,306.0000
152.0000,207.0000,182.0000,207.0000,182.0000,306.0000,152.0000,306.0000
152.0000,208.0000,182.0000,208.0000,182.0000,307.0000,152.0000,307.0000
152.0000,208.0000,182.0000,208.0000,182.0000,307.0000,152.0000,307.0000
152.0000,208.0000,182.0000,208.0000,182.0000,307.0000,152.0000,307.0000
152.0000,207.0000,182.0000,207.0000,182.0000,306.0000,152.0000,306.0000
152.0000,207.0000,182.0000,207.0000,182.0000,306.0000,152.0000,306.0000
152.0000,207.0000,182.0000,207.0000,182.0000,306.0000,152.0000,306.0000
152.0000,208.0000,182.0000,208.0000,182.0000,305.0000,152.0000,305.0000
152.0000,208.0000,182.0000,208.0000,182.0000,307.0000,152.0000,307.0000
152.0000,207.0000,182.0000,207.0000,182.0000,306.0000,152.0000,306.0000
151.0000,207.0000,182.0000,207.0000,182.0000,306.0000,151.0000,306.0000
151.0000,207.0000,182.0000,207.0000,182.0000,306.0000,151.0000,306.0000
151.0000,207.0000,182.0000,207.0000,182.0000,306.0000,151.0000,306.0000
151.0000,208.0000,182.0000,208.0000,182.0000,307.0000,151.0000,307.0000
151.0000,208.0000,182.0000,208.0000,182.0000,307.0000,151.0000,307.0000
151.0000,207.0000,182.0000,207.0000,182.0000,306.0000,151.0000,306.0000
151.0000,207.0000,182.0000,207.0000,182.0000,306.0000,151.0000,306.0000
151.0000,207.0000,182.0000,207.0000,182.0000,306.0000,151.0000,306.0000
151.0000,207.0000,182.0000,207.0000,182.0000,306.0000,151.0000,306.0000
151.0000,208.0000,182.0000,208.0000,182.0000,307.0000,151.0000,307.0000
151.0000,208.0000,182.0000,208.0000,182.0000,307.0000,151.0000,307.0000
151.0000,207.0000,182.0000,207.0000,182.0000,306.0000,151.0000,306.0000
151.0000,207.0000,182.0000,207.0000,182.0000,306.0000,151.0000,306.0000
151.0000,208.0000,182.0000,208.0000,182.0000,307.0000,151.0000,307.0000
151.0000,208.0000,182.0000,208.0000,182.0000,307.0000,151.0000,307.0000
151.0000,207.0000,182.0000,207.0000,182.0000,306.0000,151.0000,306.0000
151.0000,207.0000,182.0000,207.0000,182.0000,306.0000,151.0000,306.0000
151.0000,207.0000,182.0000,207.0000,182.0000,306.0000,151.0000,306.0000
152.0000,207.0000,182.0000,207.0000,182.0000,306.0000,152.0000,306.0000
152.0000,207.0000,182.0000,207.0000,182.0000,306.0000,152.0000,306.0000
152.0000,207.0000,182.0000,207.0000,182.0000,306.0000,152.0000,306.0000
151.0000,207.0000,182.0000,207.0000,182.0000,306.0000,151.0000,306.0000
152.0000,207.0000,182.0000,207.0000,182.0000,306.0000,152.0000,306.0000
152.0000,207.0000,182.0000,207.0000,182.0000,306.0000,152.0000,306.0000
151.0000,207.0000,182.0000,207.0000,182.0000,306.0000,151.0000,306.0000
152.0000,207.0000,182.0000,207.0000,182.0000,306.0000,152.0000,306.0000
152.0000,208.0000,182.0000,208.0000,182.0000,307.0000,152.0000,307.0000
152.0000,207.0000,182.0000,207.0000,182.0000,306.0000,152.0000,306.0000
152.0000,207.0000,182.0000,207.0000,182.0000,306.0000,152.0000,306.0000
152.0000,207.0000,182.0000,207.0000,182.0000,306.0000,152.0000,306.0000
152.0000,207.0000,182.0000,207.0000,182.0000,306.0000,152.0000,306.0000
152.0000,208.0000,182.0000,208.0000,182.0000,307.0000,152.0000,307.0000
152.0000,208.0000,182.0000,208.0000,182.0000,307.0000,152.0000,307.0000
152.0000,207.0000,182.0000,207.0000,182.0000,306.0000,152.0000,306.0000
152.0000,207.0000,182.0000,207.0000,182.0000,306.0000,152.0000,306.0000
152.0000,208.0000,181.0000,208.0000,181.0000,305.0000,152.0000,305.0000
151.0000,207.0000,182.0000,207.0000,182.0000,306.0000,151.0000,306.0000
151.0000,208.0000,182.0000,208.0000,182.0000,307.0000,151.0000,307.0000
151.0000,208.0000,182.0000,208.0000,182.0000,307.0000,151.0000,307.0000
151.0000,207.0000,182.0000,207.0000,182.0000,306.0000,151.0000,306.0000
151.0000,207.0000,182.0000,207.0000,182.0000,306.0000,151.0000,306.0000
151.0000,207.0000,182.0000,207.0000,182.0000,306.0000,151.0000,306.0000
151.0000,207.0000,182.0000,207.0000,182.0000,306.0000,151.0000,306.0000
151.0000,208.0000,182.0000,208.0000,182.0000,307.0000,151.0000,307.0000
151.0000,208.0000,182.0000,208.0000,182.0000,307.0000,151.0000,307.0000
151.0000,207.0000,182.0000,207.0000,182.0000,306.0000,151.0000,306.0000
151.0000,207.0000,182.0000,207.0000,182.0000,306.0000,151.0000,306.0000
151.0000,207.0000,181.0000,207.0000,181.0000,306.0000,151.0000,306.0000
151.0000,207.0000,182.0000,207.0000,182.0000,306.0000,151.0000,306.0000
151.0000,208.0000,182.0000,208.0000,182.0000,306.0000,151.0000,306.0000
151.0000,207.0000,182.0000,207.0000,182.0000,306.0000,151.0000,306.0000
151.0000,207.0000,181.0000,207.0000,181.0000,306.0000,151.0000,306.0000
151.0000,207.0000,181.0000,207.0000,181.0000,306.0000,151.0000,306.0000
151.0000,207.0000,182.0000,207.0000,182.0000,306.0000,151.0000,306.0000
151.0000,208.0000,181.0000,208.0000,181.0000,307.0000,151.0000,307.0000
151.0000,208.0000,182.0000,208.0000,182.0000,307.0000,151.0000,307.0000
151.0000,207.0000,182.0000,207.0000,182.0000,306.0000,151.0000,306.0000
151.0000,207.0000,182.0000,207.0000,182.0000,306.0000,151.0000,306.0000
151.0000,207.0000,182.0000,207.0000,182.0000,306.0000,151.0000,306.0000
151.0000,207.0000,182.0000,207.0000,182.0000,306.0000,151.0000,306.0000
151.0000,208.0000,182.0000,208.0000,182.0000,307.0000,151.0000,307.0000
151.0000,208.0000,182.0000,208.0000,182.0000,307.0000,151.0000,307.0000
151.0000,207.0000,182.0000,207.0000,182.0000,306.0000,151.0000,306.0000
151.0000,207.0000,182.0000,207.0000,182.0000,306.0000,151.0000,306.0000
151.0000,207.0000,182.0000,207.0000,182.0000,306.0000,151.0000,306.0000
151.0000,207.0000,182.0000,207.0000,182.0000,306.0000,151.0000,306.0000
151.0000,208.0000,182.0000,208.0000,182.0000,306.0000,151.0000,306.0000
151.0000,208.0000,182.0000,208.0000,182.0000,307.0000,151.0000,307.0000
151.0000,208.0000,182.0000,208.0000,182.0000,307.0000,151.0000,307.0000
151.0000,207.0000,182.0000,207.0000,182.0000,306.0000,151.0000,306.0000
151.0000,208.0000,182.0000,208.0000,182.0000,307.0000,151.0000,307.0000
151.0000,207.0000,182.0000,207.0000,182.0000,306.0000,151.0000,306.0000
152.0000,207.0000,182.0000,207.0000,182.0000,306.0000,152.0000,306.0000
151.0000,207.0000,182.0000,207.0000,182.0000,306.0000,151.0000,306.0000
152.0000,208.0000,182.0000,208.0000,182.0000,305.0000,152.0000,305.0000
152.0000,207.0000,182.0000,207.0000,182.0000,304.0000,152.0000,304.0000
152.0000,207.0000,182.0000,207.0000,182.0000,304.0000,152.0000,304.0000
152.0000,208.0000,181.0000,208.0000,181.0000,305.0000,152.0000,305.0000
151.0000,207.0000,181.0000,207.0000,181.0000,306.0000,151.0000,306.0000
151.0000,207.0000,181.0000,207.0000,181.0000,306.0000,151.0000,306.0000
151.0000,208.0000,181.0000,208.0000,181.0000,305.0000,151.0000,305.0000
151.0000,208.0000,181.0000,208.0000,181.0000,305.0000,151.0000,305.0000
151.0000,207.0000,181.0000,207.0000,181.0000,306.0000,151.0000,306.0000
151.0000,207.0000,181.0000,207.0000,181.0000,306.0000,151.0000,306.0000
151.0000,207.0000,182.0000,207.0000,182.0000,306.0000,151.0000,306.0000
151.0000,207.0000,182.0000,207.0000,182.0000,306.0000,151.0000,306.0000
151.0000,207.0000,181.0000,207.0000,181.0000,306.0000,151.0000,306.0000
151.0000,207.0000,181.0000,207.0000,181.0000,306.0000,151.0000,306.0000
151.0000,208.0000,181.0000,208.0000,181.0000,305.0000,151.0000,305.0000
151.0000,207.0000,181.0000,207.0000,181.0000,305.0000,151.0000,305.0000
151.0000,207.0000,181.0000,207.0000,181.0000,306.0000,151.0000,306.0000
150.0000,207.0000,181.0000,207.0000,181.0000,306.0000,150.0000,306.0000
150.0000,207.0000,181.0000,207.0000,181.0000,306.0000,150.0000,306.0000
150.0000,207.0000,181.0000,207.0000,181.0000,306.0000,150.0000,306.0000
151.0000,207.0000,181.0000,207.0000,181.0000,306.0000,151.0000,306.0000
151.0000,207.0000,181.0000,207.0000,181.0000,306.0000,151.0000,306.0000
151.0000,207.0000,181.0000,207.0000,181.0000,306.0000,151.0000,306.0000
151.0000,207.0000,181.0000,207.0000,181.0000,306.0000,151.0000,306.0000
151.0000,207.0000,181.0000,207.0000,181.0000,306.0000,151.0000,306.0000
151.0000,207.0000,181.0000,207.0000,181.0000,306.0000,151.0000,306.0000
151.0000,207.0000,181.0000,207.0000,181.0000,306.0000,151.0000,306.0000
151.0000,207.0000,181.0000,207.0000,181.0000,306.0000,151.0000,306.0000
151.0000,207.0000,181.0000,207.0000,181.0000,306.0000,151.0000,306.0000
151.0000,207.0000,181.0000,207.0000,181.0000,306.0000,151.0000,306.0000
151.0000,207.0000,181.0000,207.0000,181.0000,306.0000,151.0000,306.0000
151.0000,207.0000,181.0000,207.0000,181.0000,306.0000,151.0000,306.0000
150.0000,207.0000,181.0000,207.0000,181.0000,306.0000,150.0000,306.0000
150.0000,207.0000,181.0000,207.0000,181.0000,306.0000,150.0000,306.0000
150.0000,207.0000,181.0000,207.0000,181.0000,306.0000,150.0000,306.0000
151.0000,207.0000,181.0000,207.0000,181.0000,306.0000,151.0000,306.0000
151.0000,207.0000,181.0000,207.0000,181.0000,306.0000,151.0000,306.0000
