326.42
0.92297
0.4474
0.31117
0.31467
0.31006
1.0373
0.31122
0.31001
0.30797
0.31066
0.30755
0.52568
0.30329
0.30983
0.31008
0.31005
0.31184
0.51875
0.30836
0.30698
0.3086
0.3106
0.31161
0.51952
0.31098
0.31284
0.31077
0.30598
0.30793
0.51969
0.30959
0.30673
0.30919
0.30943
0.30846
0.52072
0.30867
0.31152
0.30827
0.3094
0.30734
0.51934
0.3115
2.074
0.30253
0.30567
0.30387
0.51229
0.30499
0.47993
0.30583
0.30717
0.30067
0.51559
0.30654
0.3029
0.30656
0.30526
0.30534
0.51336
0.30795
0.30635
0.30375
0.30605
0.30495
0.51504
0.30786
0.30597
0.30739
0.30901
0.3062
0.51673
0.30484
0.30662
0.30482
0.30378
0.30436
0.51129
0.30477
0.30296
0.30462
0.30388
0.29798
0.5125
0.30496
0.30192
0.30558
0.3028
0.30529
0.51365
0.30332
0.30537
0.30535
0.30412
0.30277
0.51388
0.30646
0.3044
0.30515
0.30534
0.30458
0.51509
0.30445
0.30614
0.30632
0.30728
0.30419
0.51235
0.30421
0.30366
0.30597
0.30422
0.30041
0.51243
0.30671
0.30431
0.30414
0.30531
0.30485
0.51129
0.30509
0.30304
0.30331
0.30583
0.30333
0.51529
0.30286
0.29815
0.30555
0.3047
0.30554
0.51147
0.30263
0.30634
0.30484
0.30305
0.30467
0.50929
0.30347
0.30373
0.30409
0.30392
0.30243
0.50477
0.30459
0.30441
0.30661
0.30193
0.30256
0.51182
0.30654
0.30478
0.30527
0.30384
0.30783
0.5114
0.30457
0.30374
0.29798
0.30371
0.30326
0.51038
0.30604
0.30269
0.31055
0.30259
0.30355
0.5107
0.30545
0.30671
0.30461
0.30262
0.30126
0.50704
0.29543
0.2991
0.30713
0.30337
0.30323
0.51463
0.30089
0.30616
0.3042
0.30412
0.30673
0.51214
0.30401
0.30515
0.30615
0.305
0.29658
0.51468
0.30529
0.30574
0.30778
0.30494
0.30649
0.51207
0.30712
0.30678
0.30551
0.30525
0.30347
0.51393
0.30711
0.29675
0.30505
0.30336
0.3042
0.51101
0.3038
0.30369
0.30391
0.30474
0.30716
0.51466
0.3073
0.30279
0.305
0.305
0.30303
0.50972
0.30392
0.30501
0.30624
0.29933
0.30234
0.51374
0.3073
0.31
0.30397
0.30326
0.30483
0.51672
0.30709
0.30112
0.29958
0.30627
0.30577
0.51689
0.30487
0.30699
0.30644
0.30822
0.30813
0.5184
0.30903
0.30145
0.3092
0.30327
0.30118
0.50801
0.30256
0.30289
0.30713
0.30187
0.3012
0.52683
0.32013
0.29999
0.30454
0.30617
0.3053
0.51678
0.30702
0.30547
0.30662
0.30837
0.30577
0.51711
0.30663
0.30406
0.30659
0.30859
0.30451
0.51727
0.30512
0.30482
0.30675
0.30628
0.30745
0.50949
0.30451
0.30727
0.30416
0.30193
0.30378
0.51583
0.3059
0.30347
0.30485
0.30514
0.3041
0.51597
0.30813
0.30667
0.29922
0.30433
0.3051
0.51571
0.30731
0.30408
0.30641
0.30379
0.30479
0.51877
0.30371
0.30605
0.30324
0.30309
0.30492
0.51046
0.30776
0.30489
0.30625
0.30632
0.30426
0.5178
0.30564
0.30352
0.30582
0.30651
0.30663
0.5186
0.30521
0.30581
0.29846
0.30812
0.30321
0.51947
0.3056
0.30458
0.30577
0.30522
0.30806
0.51286
0.30572
0.30691
0.30946
0.30823
0.30533
0.50895
0.30585
0.30683
0.30668
2.7426
2.7748
3.0223
3.0482
3.0622
3.5733
3.0064
3.0787
3.0746
3.1137
3.342
3.3039
3.2564
3.1599
3.4183
4.0784
4.0401
3.8572
3.8236
3.8975
3.9555
3.7807
4.0237
4.0355
3.9249
4.2722
4.1756
4.443
4.3826
4.2051
4.362
4.4662
4.4543
4.558
4.7442
5.0588
5.1643
4.9913
5.2344
5.2635
5.3706
5.5114
5.5571
5.648
5.5903
5.8933
5.6802
5.6764
5.698
5.921
5.9105
0.31769
0.31811
0.31658
0.31436
0.31506
0.53992
0.3176
0.30966
0.31061
0.30281
0.30739
0.53411
0.32322
0.31401
0.31377
0.30792
0.3148
0.5376
