331.36
0.85105
0.38323
0.24783
0.24823
0.24803
0.92478
0.24647
0.24508
0.24614
0.24636
0.24976
0.45744
0.24707
0.24519
0.23968
0.24331
0.24616
0.45317
0.24016
0.24616
0.24427
0.2461
0.24336
0.45333
0.24372
0.24163
0.24413
0.24554
0.24418
0.45462
0.2449
0.24461
0.23706
0.24518
0.24683
0.452
0.24294
0.24452
0.24702
0.24521
0.23831
0.44537
0.24292
0.24404
0.24764
0.24519
0.24824
0.45166
0.24432
0.42022
0.24558
0.24718
0.25742
0.45586
0.24132
0.24808
0.24059
0.24732
0.24583
0.45175
0.2458
0.24845
0.85968
0.80731
0.64054
0.81707
0.24913
0.24202
0.63767
0.66776
0.66719
0.63343
0.63067
0.62871
0.63127
0.65183
0.63544
0.63088
0.63384
0.62819
0.62854
0.62074
0.62503
0.63433
0.63717
0.64124
0.6342
0.63278
0.63386
0.61726
0.62538
0.62505
0.62446
0.64322
0.6253
0.62585
0.62766
0.62558
0.62887
0.63196
0.62562
0.6259
0.63142
0.6255
0.62468
0.62036
NaN
NaN
NaN
NaN
312.22
0.7844
0.32401
0.19135
0.18693
0.18803
0.88618
0.1888
0.18916
0.18991
0.19073
0.1927
0.42201
0.19003
0.19093
0.19372
0.19452
0.18981
0.97983
0.64476
0.64558
0.63603
0.63527
0.63533
0.86091
0.61488
0.62496
0.61485
0.60243
0.60652
0.83154
0.62135
0.63213
0.18182
0.18344
0.18189
