311.99
0.73669
0.27927
0.14442
0.14512
0.13976
0.83166
0.14025
0.14
0.14059
0.14035
0.14172
0.36584
0.14087
0.14129
0.13831
0.13963
0.1395
0.3624
0.14073
0.14107
0.14025
0.14003
0.13933
0.35933
0.14177
0.13969
0.1408
0.14054
0.13932
0.36146
0.14191
0.13927
0.14179
0.14009
0.13905
0.36039
0.13913
0.13828
0.13899
0.13986
0.13864
0.36012
0.13899
0.13857
0.13946
0.13851
0.13922
0.35257
0.13825
0.31806
0.14234
0.14039
0.14397
0.3598
0.14095
0.14046
0.13915
0.14135
0.14261
0.35947
0.14776
0.14103
0.13982
0.14271
0.14052
0.35923
0.14042
0.14063
0.13935
0.14295
0.14033
0.35981
0.14184
0.14019
0.13338
0.14177
0.13966
0.35835
0.14086
0.13993
0.14151
0.14082
0.13927
0.35821
0.13991
0.13841
0.14093
0.14044
0.14096
1.3383
0.58454
0.78907
0.64641
0.64912
0.14111
0.35723
0.14244
0.14171
0.14079
0.14075
0.14127
0.35839
0.14249
0.14084
0.14093
0.65101
0.14261
0.36258
0.65581
0.6468
0.14206
0.14179
0.64969
0.85989
0.14163
0.14106
0.6523
0.65568
0.1416
0.85747
0.6353
0.14328
0.14371
0.14244
0.14239
0.36072
0.14204
0.14329
0.14243
0.14294
0.14277
0.35858
0.14141
0.14316
0.14058
0.1437
0.14281
0.35962
0.14422
0.14284
0.14229
0.14419
0.14345
0.36355
0.14331
0.14427
0.13598
0.14447
0.1434
0.37812
0.14375
0.1438
0.14238
0.14344
0.14442
0.36292
0.1441
0.14575
0.14378
0.1434
0.14445
0.36221
0.14557
0.14647
0.14522
0.14468
0.14652
0.36195
0.14887
0.14508
0.14485
0.14634
0.14667
0.37197
0.14689
0.14659
