332.73
0.85142
0.38782
0.25882
0.2473
0.24223
0.92513
0.24427
0.24039
0.24431
0.2414
0.24146
0.4625
0.24129
0.24191
0.23353
0.24235
0.2411
0.46268
0.24785
0.24714
0.23879
0.24052
0.2393
0.46055
0.24618
0.24751
0.24011
0.23944
0.23924
0.4535
0.24046
0.23803
0.23195
0.23825
0.24201
0.45058
0.23789
0.24559
0.23905
0.24111
0.23924
0.4626
0.24716
0.24437
0.24681
0.24376
0.24012
0.45004
0.24282
0.41415
0.24125
0.25061
0.24089
0.45036
0.23912
0.2428
0.24369
0.24188
0.25137
0.45337
0.24267
0.2402
0.24792
0.24338
0.24921
0.45415
0.25103
0.24206
0.23603
0.24932
0.24821
0.45842
0.24161
0.24099
0.23948
0.24131
0.24113
0.46064
0.23882
0.24079
0.24183
0.23994
0.2402
0.45023
0.24068
0.23768
0.23283
0.24623
0.24499
0.45445
0.23821
0.24039
0.23993
0.23909
0.23858
0.45407
0.24697
0.24687
0.2412
0.24243
0.23842
0.45155
0.23959
0.24565
0.23941
0.23504
0.23977
0.45215
0.2464
0.24444
0.24082
0.23834
0.24035
0.46011
0.24087
0.24012
0.24444
0.23912
0.23718
0.45107
0.24766
0.24105
0.23763
0.23856
0.23743
0.45137
0.23674
0.23929
0.23953
0.23891
0.24614
0.45401
0.24064
0.23893
0.2373
0.23879
0.24083
0.45335
0.23757
0.2496
0.24424
0.23825
0.2377
0.45048
0.23896
0.23994
0.24071
0.24237
0.23817
0.45065
0.23972
0.23727
0.23848
0.23639
0.2416
0.44982
0.24008
0.23972
0.2415
0.24252
0.24243
0.4544
0.23157
0.23728
0.23913
0.23861
0.23671
0.44895
0.24083
0.24061
0.2416
0.23628
0.24398
0.45042
0.23763
0.23909
0.23856
0.23925
0.23712
0.45203
0.24569
0.22907
0.23682
0.24103
0.24128
0.45199
0.24061
0.24028
0.24002
0.24152
0.24115
0.45293
0.24662
0.24311
0.23939
0.24337
0.23909
0.46067
0.24086
0.24078
0.24104
0.24688
0.24093
0.45227
0.2412
0.24094
0.24111
0.24568
0.24365
0.45442
0.23603
0.23746
0.24232
0.23846
0.23705
0.456
0.24428
0.23894
0.24523
0.23364
0.23833
0.45099
0.23853
0.23823
0.23957
0.23805
0.24106
0.45277
0.24461
0.23694
0.2384
0.23919
0.24266
0.45565
0.24721
0.24309
0.24021
0.24946
0.23283
0.45088
0.24788
0.24109
0.24193
0.23966
0.23919
0.45358
0.23837
0.24498
0.23868
0.23765
0.23957
0.45345
0.24002
0.2415
0.24258
0.24346
0.23919
0.44447
0.24078
0.2473
0.24979
0.23972
0.24054
0.45084
0.23996
0.23945
0.23894
0.23927
0.23816
0.4511
0.2378
0.24565
0.23832
0.23761
0.23636
0.44929
0.23906
0.24502
0.24356
0.24079
0.24741
0.4485
0.23942
0.23962
0.23848
0.24117
0.24145
0.45317
0.24264
0.24132
0.24125
0.24581
0.23967
0.45543
0.23293
0.24104
0.23928
0.24131
0.24111
0.44955
0.23722
0.24117
