310.95
0.72979
0.27718
0.14627
0.14149
0.14136
0.87509
0.14173
0.14318
0.14064
0.14102
0.13936
0.3537
0.14061
0.14395
0.14255
0.14288
0.14181
0.35015
0.14387
0.14124
0.14223
0.14243
0.13575
0.34935
0.1436
0.14226
0.1424
0.14211
0.14148
0.35232
0.14326
0.14159
0.14196
0.14152
0.14184
0.34937
0.14088
0.14137
0.14479
0.14371
0.14213
0.35132
0.14221
0.14139
0.14247
0.14317
0.14165
0.35378
0.14234
0.31976
0.14549
0.14454
0.14383
0.35127
0.14623
0.1422
0.14432
0.144
0.14276
0.3513
0.14397
0.14257
0.14392
0.14355
0.14298
0.35214
0.14319
0.14235
0.14437
0.14369
0.14186
0.3546
0.14265
0.14158
0.1437
0.14232
0.14174
0.59264
0.13706
0.29631
0.14385
0.28033
0.34236
0.27864
0.27766
0.27738
0.27876
0.27622
0.27649
0.27966
0.28148
0.27402
0.27348
0.27422
0.27335
0.27128
0.27308
0.2675
0.27133
0.27162
0.27513
0.27382
0.2711
0.27893
0.27781
0.28208
0.28888
0.29326
0.29131
0.29182
0.28865
0.28843
0.50832
0.29383
0.28748
0.30017
0.29046
0.2895
0.29203
0.29068
0.29617
0.29664
0.29579
0.30424
0.31373
0.29824
0.29608
0.2999
0.30579
0.30287
0.31179
0.30419
0.31061
0.52329
0.32682
0.33419
0.33456
0.14225
0.33553
0.35171
0.14295
0.14336
0.14287
0.14363
0.14292
0.34862
0.14275
0.15092
0.14195
0.14319
0.143
0.35106
0.13739
0.1451
0.14169
0.14339
0.14303
0.35006
0.14333
0.1425
0.14399
0.14342
0.14337
0.35161
0.14292
0.14339
0.1426
0.14206
0.14366
0.35068
0.14278
0.14433
0.14405
0.14282
0.14321
0.3528
0.1423
0.14265
0.14405
0.14281
0.14404
0.35348
0.13557
0.14461
0.14458
0.1419
0.14311
0.35158
0.14164
0.14394
0.14267
0.14207
0.14363
0.35376
0.14162
0.14425
0.14308
0.14212
0.14507
0.35166
0.1436
0.1424
0.14283
0.14217
0.14464
0.34923
0.14148
0.14133
0.14127
0.14204
0.14136
0.34911
0.13646
0.14114
0.14109
0.14213
0.14213
0.35108
0.14194
0.14141
0.14333
0.14366
0.14257
0.35129
0.14031
0.14301
0.1434
0.14082
0.14367
0.35001
0.14088
0.14137
0.14268
0.14244
0.14277
0.3477
0.14199
0.14427
0.14115
0.14219
0.14119
0.35151
0.14191
0.14181
0.14014
0.14316
0.14234
0.3472
0.14254
0.14336
0.14122
0.1425
0.14325
0.34755
0.14461
0.14236
0.14349
0.14428
0.14364
0.34775
0.14241
0.14348
0.14225
0.14524
0.14286
0.35097
0.14349
0.14311
0.14395
0.14434
0.14246
0.35246
0.13825
0.14242
0.14416
0.14262
0.1438
0.35074
0.14358
0.14258
0.14369
0.14575
0.14552
0.35114
0.14407
0.14581
NaN
NaN
NaN
NaN
309.38
0.73463
0.2799
0.1466
0.14294
0.14608
0.83858
0.14604
0.14281
0.14334
0.14466
0.14144
0.36686
0.14529
0.14021
0.14186
0.14191
0.14174
0.36518
0.14519
0.14022
0.14144
0.14401
0.14054
0.36593
0.14034
0.14123
0.14243
0.1404
0.14143
0.36704
0.13981
0.14141
0.14178
0.14018
0.14153
0.36367
0.14062
0.14176
0.14188
0.14049
0.14234
0.36556
0.14138
0.14268
0.14142
0.1408
0.14182
0.36667
0.14372
0.32374
0.14686
0.14237
0.14611
0.3703
0.14597
0.14686
0.15131
0.14678
0.14791
0.36774
0.14484
0.14584
0.14645
0.14537
0.14733
0.36781
0.14468
0.14704
0.14676
0.14389
0.14702
0.36737
0.14561
0.14693
0.14594
0.14447
0.14669
0.36631
0.13937
0.14568
0.14511
0.14487
0.14473
0.3669
0.14595
0.14703
0.14686
0.14692
0.14672
0.36876
0.1473
0.14805
0.148
0.14711
0.14761
0.36989
0.14454
0.14722
0.14589
0.14513
0.14585
0.37038
0.14843
0.14637
0.14733
0.14657
0.14677
0.36754
0.14721
0.14604
0.14931
0.14726
0.14614
0.36873
0.14925
0.14684
0.14948
0.14883
0.14795
0.36929
0.14752
0.14961
0.14817
0.14996
0.14958
0.366
0.14983
0.14957
0.14772
0.15001
0.15146
0.36825
0.15084
0.14476
0.1495
0.14896
0.15056
0.37206
0.14888
0.15069
0.15255
0.14892
0.15027
0.37245
0.15261
0.15162
0.15296
0.15135
0.1528
0.37405
0.15473
0.15195
0.15261
0.15243
0.15237
0.37199
0.15544
0.15328
0.1541
0.15541
0.14825
0.37898
0.15433
0.15533
0.158
0.15575
0.15557
0.37849
0.15596
0.15723
0.15762
0.15865
0.15989
0.37797
0.15933
0.15897
0.15965
0.16283
0.16012
0.38209
0.15863
0.16073
0.16151
0.16037
0.16026
0.38068
0.15145
0.15705
0.15588
0.15042
0.15115
0.37477
0.14919
0.14939
0.15152
0.15132
0.15171
0.37257
0.1505
0.15164
0.15285
0.152
0.15178
0.37471
0.15311
0.1513
0.15065
0.15292
0.15241
