297.83
0.75195
0.28092
0.14861
0.14615
0.14353
0.8314
0.14636
0.14365
0.14286
0.14359
0.14279
0.36278
0.14203
0.14115
0.14304
0.14217
0.14123
0.35975
0.14176
0.14244
0.14219
0.14192
0.14096
0.98078
0.65036
0.64819
0.63663
0.62764
0.63659
0.85491
0.62589
0.62343
0.644
0.65
0.64597
0.86273
0.63886
0.62697
0.61914
0.6252
0.62997
0.84955
0.63301
0.62609
0.62364
0.62975
0.63437
0.84437
0.62651
0.82216
0.63004
0.62637
0.63358
0.83781
0.61932
0.64213
0.61778
0.5999
0.59451
0.80579
0.14388
0.14364
0.14508
0.14447
0.14322
0.35879
0.14465
0.14323
0.14545
0.14495
0.55649
0.77998
0.56964
0.56403
0.56423
0.55653
0.56638
0.79923
0.58523
0.57868
0.56441
0.57329
0.57335
0.78349
0.57496
0.56792
0.56612
0.57527
0.56776
0.80233
0.57484
0.57038
0.57098
0.58085
0.59376
0.79702
0.58235
0.58325
0.58113
0.57612
0.58776
0.78882
0.57694
0.58416
0.58019
0.58444
0.59739
0.82502
0.61409
0.14837
0.14941
0.15073
0.14936
0.35975
0.15297
0.14993
0.14816
0.14924
0.15012
0.36199
0.15545
0.15309
0.15343
0.15273
0.63797
0.84246
0.6212
0.6082
0.61766
0.61779
0.61068
0.83587
0.61998
0.62882
0.63613
0.64421
0.64444
0.84127
0.62947
0.61661
0.61549
0.62492
0.61129
0.81609
0.61271
0.61623
0.61919
0.60951
0.61433
0.82358
0.6189
0.60133
0.62544
0.62053
0.62138
0.81678
0.59519
0.59626
0.60685
0.60178
