311.25
0.7401
0.2838
0.14743
0.14553
0.14472
0.83883
0.14479
0.14395
0.14475
0.14443
0.14223
0.36327
0.14241
0.14169
0.14367
0.14332
0.14233
0.3615
0.14383
0.14147
0.14276
0.14269
0.13462
0.36123
0.14294
0.14148
0.14269
0.14328
0.14441
0.36394
0.14371
0.14164
0.14269
0.14175
0.14174
0.35966
0.14296
0.14247
0.14237
0.1414
0.14195
0.36242
0.14299
0.14211
0.14272
0.14111
0.14162
0.36082
0.14386
0.32161
0.14508
0.14431
0.1447
0.36422
0.14337
0.14435
0.14609
0.14397
0.14434
0.36436
0.14353
0.14438
0.14529
0.14389
0.14604
0.37755
0.14546
0.14581
0.14468
0.14365
0.14596
0.36504
0.14529
0.14354
0.52525
0.43245
0.44167
0.1408
0.1391
0.34957
0.14019
0.14148
0.14094
0.13976
0.14019
0.35102
0.14409
0.14413
0.14246
0.14136
0.14211
0.35242
0.14083
0.14331
0.14228
0.14037
0.1423
0.35069
0.14167
0.14278
0.14168
0.13581
0.14329
0.35049
0.14101
0.14068
0.13951
0.1405
0.14262
0.34978
0.14293
0.14301
0.14172
0.14327
0.14312
0.35327
0.14209
0.1429
0.1418
0.14232
0.14256
0.35318
0.14223
0.14335
0.14281
0.14201
0.14286
0.35191
0.14201
0.1375
0.14125
0.14168
0.14232
0.34983
0.14088
0.14279
0.1404
0.1422
0.14223
0.3519
0.14186
0.14111
0.14187
0.14165
0.14067
0.35007
0.14449
0.14062
0.14279
0.14188
0.14184
0.4513
0.44562
0.44784
0.44139
0.45269
0.44804
0.45058
0.66681
0.46545
0.47256
0.1455
0.14249
0.14242
0.14282
0.35909
0.14245
0.14629
0.14291
0.14295
0.14675
0.35406
0.14284
0.14526
0.14417
0.14311
0.14442
0.9607
0.61556
0.624
0.64007
0.63685
0.64128
0.85065
0.14316
0.14187
0.14397
0.14357
0.14194
0.35946
0.14256
0.14062
0.14306
0.14423
0.14134
0.35953
0.14382
0.14378
0.14388
0.14259
0.14305
0.35818
0.14234
0.14306
0.14357
0.1433
0.14357
0.35813
0.139
0.14357
0.14405
0.14428
0.14288
0.35835
0.14368
0.14269
0.14397
0.14485
0.14217
0.35722
0.14299
0.14121
0.14323
0.14325
0.14277
0.35991
0.14283
0.14234
0.14987
0.14228
0.1416
0.35772
0.14074
0.14122
0.14448
0.13935
0.14055
0.34652
0.1391
0.14366
0.14055
0.13902
0.1389
0.35397
0.13974
0.14575
0.14135
0.14122
0.14248
0.35623
0.14218
0.1458
0.14011
0.14012
0.14102
0.35201
0.14186
0.14056
0.14034
0.1425
0.14109
0.35615
0.14414
0.1409
0.14057
0.13685
0.13938
0.35646
0.14181
0.13916
0.14009
0.14103
0.14021
0.35631
0.13961
0.13894
0.14178
0.13974
0.14113
0.35703
0.14168
0.14102
0.14155
0.14076
0.14097
0.35759
0.14103
0.14166
0.14265
0.14034
0.13897
0.35884
0.14044
0.13509
0.14176
0.14063
0.14427
0.35863
0.14215
0.14215
0.14238
0.14091
0.14251
0.35928
0.14179
0.14219
0.14255
0.13983
0.14037
0.35699
0.13961
0.14016
0.14087
0.14165
0.14471
0.35826
0.13998
0.14213
0.14114
0.14092
0.14343
0.35713
0.13444
0.14195
0.14075
0.14149
0.14264
0.35646
0.14289
0.14191
0.14131
0.14386
0.14241
0.35409
0.14012
0.14222
0.1412
0.14155
0.14362
0.35611
0.14242
0.14148
0.46063
0.46008
0.4593
0.45799
0.45854
0.14343
0.14206
0.14227
0.36007
0.1416
0.14363
0.14269
0.14199
0.14322
0.36048
0.14258
0.14248
0.14144
0.14918
0.14208
0.3893
0.14938
0.14998
0.14045
0.15406
0.14965
0.89532
0.65377
0.14458
0.14642
0.14628
0.14339
0.36397
0.14401
0.14298
0.14334
0.14405
0.14199
0.36299
0.14427
0.14338
0.1441
0.14503
0.14485
0.36318
0.1447
0.14194
0.14253
0.14373
0.14463
0.36251
0.14696
0.13814
0.14444
0.14695
0.1437
0.36344
0.14505
0.14375
0.14438
0.14574
0.1434
0.36263
0.14503
0.14374
0.14589
0.14422
0.14437
0.36471
0.14523
0.14465
0.14389
0.14372
0.14202
0.36264
0.14516
0.145
0.14452
0.14547
