301.09
0.72593
0.27684
0.14275
0.14511
0.1404
0.81998
0.13145
0.13906
0.13903
0.13847
0.13835
0.35478
0.13716
0.13739
0.13598
0.13786
0.13662
0.35268
0.14995
0.13724
0.13776
0.13755
0.13686
0.34836
0.13734
0.13958
0.13813
0.13662
0.1385
0.34665
0.13758
0.13898
0.13724
0.13786
0.13863
0.34423
0.13856
0.13814
0.13868
0.13887
0.72901
0.83282
0.63102
0.6195
0.61222
0.62469
0.63002
0.87769
0.61304
0.79359
0.62564
0.62038
0.62352
0.821
0.60459
0.60692
0.60269
0.60463
0.61572
0.84125
0.61734
0.60744
0.60513
0.61606
0.63098
0.84806
0.63477
0.61956
0.61321
0.61509
0.60389
0.82515
0.62519
0.62063
0.61113
0.62428
0.62374
0.82494
0.61369
0.61942
0.61785
0.61699
0.62235
0.83854
0.71061
0.6284
0.62174
0.97579
0.61878
0.83135
0.61866
0.89907
0.61899
0.85014
0.61936
0.91246
0.61346
0.61417
0.62189
0.61502
0.61679
0.8419
0.62518
0.62723
0.61735
0.60116
0.60717
0.89033
0.61918
0.61556
0.60929
0.60744
0.61247
0.81437
0.60368
0.62277
0.6319
0.62021
0.6094
0.82553
0.61843
0.59958
0.60637
0.6033
0.59243
0.80949
0.59878
