330.25
0.80836
0.34911
0.21645
0.28742
0.25919
0.94665
0.25679
0.25783
0.25417
0.24498
0.25061
0.47737
0.25107
0.24554
0.23795
0.25319
0.25151
0.47307
0.25262
0.25013
0.24965
0.25099
0.25532
0.46801
0.24871
0.24757
0.24293
0.24254
0.24283
0.47065
0.24454
0.25332
0.2392
0.26269
0.26441
0.47069
0.24484
0.24413
0.2523
0.24111
0.25
0.46589
0.24172
0.24986
0.25108
0.24271
0.24287
0.45459
0.24339
0.41536
0.24579
0.24407
0.24992
0.89918
0.5515
0.66174
0.71354
0.70843
0.24668
0.46094
0.23883
0.24188
0.24287
0.2494
0.24338
0.45687
0.24194
0.24917
0.24847
0.24225
0.24902
0.46086
0.24153
0.24022
0.24143
0.24617
0.24112
0.45181
0.24096
0.24192
0.24289
0.24122
0.25062
0.45538
0.24758
0.24904
0.24467
0.25316
0.24326
0.80048
0.65511
0.68986
0.69198
0.24987
0.24285
0.46338
0.24555
0.25173
0.24464
0.24313
0.25025
0.45829
0.24477
0.24923
0.24244
0.24894
0.24963
0.46239
0.23729
0.24945
0.24467
0.24283
0.24386
0.45544
0.24899
0.24849
0.25113
0.25008
0.2438
0.45824
0.24551
0.2434
0.24315
0.2423
0.24295
0.45523
0.23696
0.24594
0.24218
0.25011
0.24325
0.45741
0.24542
0.24513
0.24549
0.24508
0.24591
0.45719
0.24306
0.2437
0.24363
0.2528
0.24597
0.4584
0.23719
0.25056
0.24332
0.24448
0.24358
0.45606
0.24341
0.24122
0.2453
0.23943
0.24201
0.45761
0.24141
0.2492
0.24237
0.24342
0.23975
0.45311
0.23886
0.24279
0.24776
0.26173
0.25928
0.48598
0.25332
0.24894
0.46731
0.38029
0.37582
0.37814
0.36041
0.59526
0.25007
0.26461
0.2611
0.37073
0.26699
0.48833
0.24802
0.25399
0.25188
0.25887
0.26181
0.48561
0.25273
0.24993
0.25112
0.26785
0.36579
0.45969
0.246
0.24304
0.24319
0.24336
0.24425
0.45967
0.24355
0.24134
0.24372
0.24199
0.24238
0.46045
0.24513
0.24304
0.24185
0.24423
0.24512
0.46159
0.2514
0.24442
0.24514
0.24263
0.24975
0.45967
0.24277
0.24273
0.24897
0.24213
0.24407
0.46457
0.23523
0.24404
0.37166
0.37513
0.36659
0.35332
0.35308
0.35118
0.35355
0.35161
0.35502
0.35706
0.35464
0.35632
0.35748
0.34927
0.35369
0.35845
0.35551
0.35677
0.35845
0.3572
0.36009
0.35608
0.36304
0.45056
0.24518
0.4675
0.25086
0.24332
0.23719
0.24647
0.46232
0.67966
0.24649
0.24223
0.24316
0.24354
0.24414
0.46333
0.45739
0.24489
0.45116
0.44462
0.44635
0.45421
0.46938
0.46664
0.46577
0.46377
0.47427
0.47543
0.47568
0.47848
0.45764
0.46183
0.41398
0.62311
0.40548
0.38241
0.41329
0.4192
0.41355
0.37025
0.35782
0.35606
0.36355
0.35167
0.35583
0.23688
0.45918
0.24341
0.24371
0.24379
0.3685
0.36758
0.41699
0.42029
0.66402
0.24614
0.43257
0.45096
0.41585
0.42278
0.39311
0.39377
0.38655
0.42366
0.63762
0.24216
0.41247
0.40177
0.39622
0.42727
NaN
NaN
NaN
NaN
340.85
0.80867
0.34543
0.50601
0.41077
0.40597
0.4153
0.36802
0.37401
0.37698
0.37155
0.38055
0.38521
1.0708
0.36929
0.38306
0.40152
0.38251
0.38832
0.39243
0.24358
0.24334
0.61676
0.36078
0.36786
0.36271
0.3659
0.36036
0.37915
0.37318
0.37146
0.61599
0.25314
0.2503
0.24759
0.36582
0.24744
0.48327
0.24351
0.24672
0.26065
0.25111
0.24723
0.48267
0.2545
0.26266
0.26082
0.25922
0.24449
0.48728
0.25907
0.25067
0.25182
0.24647
0.3782
0.37008
0.59883
0.24218
0.24271
0.24508
0.24489
0.25212
0.46802
0.24572
0.41891
0.25083
0.24751
0.2479
