338.27
0.84461
0.49158
0.3157
0.30491
0.30914
1.006
0.31922
0.30774
0.31273
0.30542
0.31359
0.5355
0.3067
0.31552
0.30735
0.2982
0.30646
0.52688
0.30974
0.3058
0.30931
0.30599
0.30744
0.52914
0.30623
0.30967
0.30707
0.3038
0.30471
0.53161
0.30079
0.90565
0.30912
0.31829
0.31093
0.52929
0.30279
0.29566
0.71414
0.6581
0.73156
0.8747
0.64723
0.72493
0.67547
0.73982
0.72659
0.48059
0.24749
0.43262
0.25124
0.26013
0.25128
0.47962
0.71397
0.72483
0.73461
0.72222
0.65729
0.88143
0.71716
0.65839
0.64977
0.71392
0.7071
4.1377
0.63492
0.65258
0.71931
0.72171
3.7246
0.88102
0.72243
0.63811
0.71724
0.64788
0.64203
0.85885
0.71462
0.65495
0.64697
0.64224
0.64167
3.2326
0.63254
0.62126
0.63004
0.62965
0.62487
0.84495
0.6375
0.64283
2.7312
2.7349
0.63574
0.63565
0.64005
0.856
0.64743
0.65273
0.63974
0.63696
0.64574
0.8656
0.6335
0.63324
2.5648
0.63962
0.63163
0.86123
0.63989
0.71231
0.65391
0.65443
0.72565
0.87426
0.72653
0.63852
0.63782
0.65379
0.65405
0.94464
0.66438
0.66531
0.65436
0.65169
0.65544
0.96608
0.7573
0.25321
0.25598
0.25271
0.71012
0.99359
0.70317
0.70629
0.70994
0.69198
0.7597
0.91672
0.68607
0.77141
0.77448
0.69444
0.69352
0.9125
0.69473
0.69656
0.76825
0.69534
0.70569
0.92125
0.6864
0.75765
0.75462
0.25141
0.25368
0.46699
0.25316
0.25011
0.25363
0.67559
0.68185
0.89879
0.67603
0.66854
0.68463
0.75464
0.69039
0.91275
0.69047
0.69264
0.7367
0.66867
0.77477
0.91652
0.68418
0.69796
0.77856
0.68947
0.69171
0.92731
0.71493
0.77971
0.71139
0.76818
0.71466
0.93111
0.71519
0.71581
0.7233
0.72842
0.7203
0.93204
0.70942
0.73157
0.72835
0.73455
0.75754
0.97197
0.73772
0.74975
0.75284
0.72918
0.72308
0.95689
0.74417
0.74362
0.75486
0.73908
0.72952
0.9624
0.72088
0.74143
0.75173
0.7549
0.83524
0.94891
0.73299
0.7543
0.75603
0.84882
0.85716
0.46107
0.24431
0.24664
0.24496
0.24618
0.23876
0.46594
0.24624
0.24396
0.2451
0.24499
0.24434
0.46543
0.24673
0.24268
0.24239
0.85734
0.85606
1.0674
0.84885
0.85867
0.86065
0.24096
0.24127
1.132
0.83603
0.84054
0.24386
0.91095
0.89233
