312.42
0.72315
0.27754
0.1419
0.14122
0.14124
0.82411
0.1413
0.14472
0.14067
0.14101
0.14218
0.35855
0.13969
0.14152
0.14152
0.14008
0.14236
0.35823
0.14219
0.14163
0.1398
0.14047
0.14197
0.35645
0.14158
0.14133
0.13914
0.14211
0.14103
0.35659
0.75036
0.63528
0.63956
0.14071
0.1416
0.35474
0.62953
1.1576
0.65779
0.63909
0.62674
0.35912
0.14129
0.14452
0.14242
0.14274
0.1435
0.3562
0.14196
0.3204
0.64085
0.63354
0.6342
0.36158
0.14503
0.14343
0.14554
0.14592
0.14424
0.3603
0.14497
0.14463
0.14611
0.14524
0.1447
0.86219
1.0875
0.71217
0.62748
0.62777
0.62247
0.36285
0.1401
0.14643
0.14576
0.1458
0.14611
0.36229
0.14721
0.14533
0.1461
0.14772
0.14639
0.36391
0.14701
0.14573
0.14604
0.14712
0.14449
0.36249
0.14478
0.14403
0.14615
0.14486
0.15005
0.36541
0.14564
0.1452
0.14772
0.14697
0.15213
0.35632
0.14612
0.14533
0.14531
0.14838
0.14959
0.36374
0.14815
0.14711
0.14961
0.15335
0.14866
0.36385
0.14769
0.1513
0.15283
0.15092
0.15055
0.36929
0.15071
0.15193
0.15354
0.15289
0.15292
0.36698
0.15321
0.69682
0.61891
0.63304
0.70803
0.85742
0.63411
0.15377
0.15445
0.15404
0.15398
0.37565
0.15556
0.15646
0.15668
0.1553
0.1495
0.37154
0.15188
0.14663
0.14907
0.14673
0.14538
0.36237
0.1463
0.14573
0.14669
0.14642
0.1459
0.36102
0.14841
0.14557
0.14813
0.14923
0.14904
0.36625
0.14882
0.15077
0.14914
0.72305
0.63154
0.85994
0.64018
0.648
0.65157
0.64346
0.63849
0.85062
0.6322
0.65169
0.64266
0.64358
0.65101
